1.035347069
0.994775926
0.932960234
1.022142851
1.077556596
0.998805169
1.297158706
0.898552898
1.346009929
1.042364134
1.049917398
1.224351832
0.852927629
0.969676858
0.901784227
0.852482644
0.654802619
1.164944536
0.839900589
0.7500143
1.026089331
0.825240183
0.405353766
0.73680485
0.867171633
1.227754395
0.849442175
0.932428044
1.018196083
1.032102066
0.960443845
0.884025656
1.104918938
1.084343709
0.892592796
1.110261192
0.907088764
1.2549162
1.064449636
0.922981605
0.817475326
1.047758306
1.004703274
1.086243997
0.980909007
0.933195087
0.873699629
0.840795734
0.942090298
0.832890513
1.108319894
1.033248384
1.385252798
1.36781111
0.857476
0.988675
1.113169
1.087686
0.955385
1.037883
0.988821
1.14928
0.986583
0.969489
1.229846
0.976051
1.007372
0.976345
0.981377
0.963764
1.029539
0.920854
0.779145
1.016801
1.090605
0.982036
1.257832
1.097257
0.788296
0.839434
1.17262
1.246093
1.059949
0.825618
0.933586
0.807219
0.979572
0.896041
1.187331
1.360422
1.33433
0.914886
0.750472
1.083318
0.953955
1.261047
1.026939
1.199885
0.934741
0.866446
