0.982918044
0.990883284
0.858526339
1.215452605
0.967558872
1.074398001
0.947095094
1.199123266
0.900517267
1.06458899
0.779463538
0.99142452
0.855240321
1.036322652
0.962534
1.007856
1.051283
1.051283
0.884194
1.006467
1.113956
0.988047
1.062419
1.015102
1.010595
1.067383
0.955356
1.246977
1.023078
1.422167
1.324848
0.826989
1.158904
0.829599
0.980407
0.994665
1.082045
0.841405
1.095584
1.178964
0.789975
0.879265
0.772491
1.07404
1.084133
0.775562
0.766666
1.050841
1.34342
0.989084
0.830968
1.477664
0.876503
1.098358
0.767835
0.738926
0.939781
1.162004
0.988322
1.157643
0.905907
1.159187
1.08304
0.870126
0.831042
1.075089
1.120434
0.917887
0.950568
0.926658
1.087648
1.117737
1.113321
1.072277
1.067899
0.977389
1.169917
0.888402
0.938828
1.144086
0.882891
1.160684
1.002589
1.269141
1.556038
1.298013
1.030529
1.321445
0.716858
1.03423
1.002267
0.801664
0.782084
0.978515
1.131715
1.067907
0.879841
1.045092
1.118583
0.89805
1.099685
0.998086
1.129552
0.466715
0.72471
1.155312
0.848296
0.791531
0.774036
0.993398
0.801515
1.074756
1.098763
1.562549
0.655822
1.153987
1.209847
