12.4188 467.126
12.45 464.547
12.4812 461.98
12.5123 459.427
12.5435 456.887
12.5747 454.36
12.6058 451.848
12.637 449.349
12.6682 446.866
12.6993 444.397
12.7305 441.943
12.7616 439.505
12.7928 437.083
12.824 434.677
12.8551 432.287
12.8863 429.914
12.9175 427.559
12.9486 425.221
12.9798 422.9
13.011 420.598
13.0421 418.313
13.0733 416.047
13.1044 413.799
13.1356 411.57
13.1668 409.361
13.1979 407.171
13.2291 405.001
13.2603 402.85
13.2914 400.719
13.3226 398.609
13.3538 396.518
13.3849 394.449
13.4161 392.4
13.4473 390.372
13.4784 388.365
13.5096 386.379
13.5407 384.415
13.5719 382.472
13.6031 380.55
13.6342 378.65
13.6654 376.772
13.6966 374.915
13.7277 373.08
13.7589 371.266
13.7901 369.474
13.8212 367.703
13.8524 365.952
13.8835 364.223
13.9147 362.514
13.9459 360.825
13.977 359.158
14.0082 357.511
14.0394 355.884
14.0705 354.281
14.1017 352.7
14.1329 351.141
14.164 349.602
14.1952 348.082
14.2263 346.581
14.2575 345.099
14.2887 343.635
14.3198 342.191
14.351 340.767
14.3822 339.367
14.4133 337.991
14.4445 336.64
14.4757 335.31
14.5068 334.002
14.538 332.726
14.5691 331.482
14.6003 330.269
14.6315 329.086
14.6626 327.931
14.6938 326.803
14.725 325.701
14.7561 324.623
14.7873 323.57
14.8185 322.54
14.8496 321.533
14.8808 320.547
14.9119 319.584
14.9431 318.64
14.9743 317.716
15.0054 316.813
15.0366 315.928
15.0678 315.064
15.0989 314.217
15.1301 313.389
15.1613 312.579
15.1924 311.786
15.2236 311.011
15.2547 310.253
15.2859 309.513
15.3171 308.788
15.3482 308.081
15.3794 307.389
15.4106 306.714
15.4417 306.055
15.4729 305.411
15.5041 304.783
15.5352 304.17
15.5664 303.572
15.5975 302.988
15.6287 302.419
15.6599 301.865
15.691 301.338
15.7222 300.825
15.7534 300.327
15.7845 299.844
15.8157 299.374
15.8469 298.917
15.878 298.474
15.9092 298.044
15.9403 297.627
15.9715 297.223
16.0027 296.832
16.0338 296.453
16.065 296.087
16.0962 295.733
16.1273 295.391
16.1585 295.061
16.1897 294.742
16.2208 294.434
16.252 294.138
16.2831 293.852
16.3143 293.578
16.3455 293.314
16.3766 293.06
16.4078 292.817
16.439 292.584
16.4701 292.361
16.5013 292.149
16.5325 291.946
16.5636 291.752
16.5948 291.568
16.626 291.393
16.6571 291.228
16.6883 291.072
16.7194 290.924
16.7506 290.786
16.7818 290.657
16.8129 290.536
16.8441 290.423
16.8753 290.319
16.9064 290.224
16.9376 290.136
16.9688 290.057
16.9999 289.985
17.0311 289.922
17.0622 289.867
17.0934 289.82
17.1246 289.779
17.1557 289.747
17.1869 289.721
17.2181 289.704
17.2492 289.693
17.2804 289.69
17.3116 289.693
17.3427 289.704
17.3739 289.722
17.405 289.747
17.4362 289.778
17.4674 289.815
17.4985 289.86
17.5297 289.912
17.5609 289.973
17.592 290.044
17.6232 290.125
17.6544 290.216
17.6855 290.315
17.7167 290.421
17.7478 290.534
17.779 290.651
17.8102 290.781
17.8413 290.923
17.8725 291.074
17.9037 291.233
17.9348 291.401
17.966 291.578
17.9972 291.763
18.0283 291.957
18.0595 292.159
18.0906 292.37
18.1218 292.589
18.153 292.817
18.1841 293.054
18.2153 293.3
18.2465 293.555
18.2776 293.818
18.3088 294.09
18.34 294.372
18.3711 294.662
18.4023 294.962
18.4334 295.272
18.4646 295.59
18.4958 295.933
18.5269 296.285
18.5581 296.646
18.5893 297.015
18.6204 297.394
18.6516 297.782
18.6828 298.179
18.7139 298.586
18.7451 299.002
18.7762 299.428
18.8074 299.864
18.8386 300.31
18.8697 300.765
18.9009 301.232
18.9321 301.708
18.9632 302.195
18.9944 302.692
19.0256 303.2
19.0567 303.719
19.0879 304.248
19.119 304.789
19.1502 305.341
19.1814 305.903
19.2125 306.477
19.2437 307.061
19.2749 307.658
19.306 308.265
19.3372 308.884
19.3684 309.514
19.3995 310.156
19.4307 310.81
19.4619 311.475
19.493 312.152
19.5242 312.841
19.5553 313.541
19.5865 314.253
19.6177 314.978
19.6488 315.714
19.68 316.461
19.7112 317.221
19.7423 317.992
19.7735 318.775
19.8047 319.571
19.8358 320.378
19.867 321.196
19.8981 322.027
19.9293 322.869
19.9605 323.723
19.9916 324.588
20.0228 325.465
20.054 326.353
20.0851 327.253
20.1163 328.164
20.1475 329.086
20.1786 330.019
20.2098 330.964
20.2409 331.919
20.2721 332.885
20.3033 333.862
20.3344 334.849
20.3656 335.847
20.3968 336.855
20.4279 337.873
20.4591 338.901
20.4903 339.939
20.5214 340.986
20.5526 342.043
20.5837 343.109
20.6149 344.185
20.6461 345.269
20.6772 346.362
20.7084 347.464
20.7396 348.574
20.7707 349.692
20.8019 350.817
20.8331 351.951
20.8642 353.091
20.8954 354.239
20.9265 355.394
20.9577 356.556
20.9889 357.724
21.02 358.897
21.0512 360.077
21.0824 361.263
21.1135 362.454
21.1447 363.65
21.1759 364.85
21.207 366.055
21.2382 367.264
21.2693 368.478
21.3005 369.694
21.3317 370.914
21.3628 372.137
21.394 373.363
21.4252 374.591
21.4563 375.821
21.4875 377.053
21.5187 378.286
21.5498 379.521
21.581 380.756
21.6121 381.991
21.6433 383.227
21.6745 384.463
21.7056 385.699
21.7368 494.628
21.768 494.882
21.7991 495.137
21.8303 495.392
21.8615 495.65
21.8926 495.908
21.9238 496.167
21.9549 496.427
21.9861 496.689
22.0173 496.952
22.0484 497.216
22.0796 497.48
22.1108 497.747
22.1419 498.014
22.1731 498.282
22.2043 498.552
22.2354 498.822
22.2666 499.094
22.2978 499.366
22.3289 499.64
22.3601 499.915
22.3912 500.191
22.4224 500.467
22.4536 500.745
22.4847 501.024
22.5159 501.304
22.5471 501.585
22.5782 501.868
22.6094 502.151
22.6406 502.435
22.6717 502.72
22.7029 503.006
22.734 503.293
22.7652 503.582
22.7964 503.871
22.8275 504.161
22.8587 504.452
22.8899 504.744
22.921 505.038
22.9522 505.332
22.9834 505.627
23.0145 505.923
23.0457 506.22
23.0768 506.518
23.108 506.817
23.1392 507.117
23.1703 507.417
23.2015 507.719
23.2327 508.022
23.2638 508.325
23.295 508.63
23.3262 508.935
23.3573 509.241
23.3885 509.547
23.4196 509.855
23.4508 510.163
23.482 510.473
23.5131 510.782
23.5443 511.093
23.5755 511.405
23.6066 511.718
23.6378 512.031
23.669 512.345
23.7001 512.66
23.7313 512.976
23.7624 513.293
23.7936 513.61
23.8248 513.929
23.8559 514.248
23.8871 514.568
23.9183 514.888
23.9494 515.21
23.9806 515.532
24.0118 515.855
24.0429 516.179
24.0741 516.504
24.1052 516.829
24.1364 517.156
24.1676 517.483
24.1987 517.81
24.2299 518.139
24.2611 518.469
24.2922 518.799
24.3234 519.13
24.3546 519.463
24.3857 519.796
24.4169 520.13
24.448 520.466
24.4792 520.802
24.5104 521.139
24.5415 521.478
24.5727 521.818
24.6039 522.159
24.635 522.502
24.6662 522.846
24.6974 523.191
24.7285 523.537
24.7597 523.886
24.7908 524.237
24.822 524.589
24.8532 524.944
24.8843 525.301
24.9155 525.659
24.9467 526.019
24.9778 526.381
25.009 526.746
25.0402 527.114
25.0713 527.486
25.1025 527.861
25.1336 528.242
25.1648 528.629
25.196 529.024
25.2271 529.43
25.2583 529.847
25.2895 530.279
25.3206 530.728
25.3518 531.198
25.383 531.692
25.4141 532.212
25.4453 532.767
25.4765 533.368
25.5076 534.004
25.5388 534.636
25.5699 535.249
25.6011 535.861
25.6323 536.484
25.6634 537.121
25.6946 537.77
25.7258 538.432
25.7569 539.098
25.7881 539.757
25.8193 540.407
25.8504 541.056
25.8816 541.71
25.9127 542.372
25.9439 543.046
25.9751 543.727
26.0062 544.408
26.0374 545.09
26.0686 545.776
26.0997 546.469
26.1309 547.171
26.1621 547.884
26.1932 548.608
26.2244 549.344
26.2555 550.092
26.2867 550.854
26.3179 551.629
26.349 552.418
26.3802 553.222
26.4114 554.04
26.4425 554.874
26.4737 555.724
26.5049 556.591
26.536 557.474
26.5672 558.374
26.5983 559.292
26.6295 560.227
26.6607 561.182
26.6918 562.154
26.723 563.147
26.7542 564.159
26.7853 565.191
26.8165 566.244
26.8477 567.317
26.8788 568.412
26.91 569.529
26.9411 570.668
26.9723 571.829
27.0035 573.014
27.0346 574.223
27.0658 575.455
27.097 576.711
27.1281 577.993
27.1593 579.299
27.1905 580.631
27.2216 581.989
27.2528 583.373
27.2839 584.784
27.3151 586.222
27.3463 587.688
27.3774 589.182
27.4086 590.704
27.4398 592.254
27.4709 593.833
27.5021 595.442
27.5333 597.08
27.5644 598.748
27.5956 600.446
27.6267 602.175
27.6579 603.935
27.6891 605.726
27.7202 607.548
27.7514 609.402
27.7826 611.288
27.8137 613.206
27.8449 615.155
27.8761 617.138
27.9072 619.153
27.9384 621.201
27.9695 623.281
28.0007 625.395
28.0319 627.541
28.063 629.721
28.0942 631.934
28.1254 634.18
28.1565 636.459
28.1877 638.772
28.2189 641.117
28.25 643.495
28.2812 645.906
28.3124 648.35
28.3435 650.827
28.3747 653.336
28.4058 655.877
28.437 658.45
28.4682 661.055
28.4993 663.691
28.5305 666.359
28.5617 669.056
28.5928 671.784
28.624 674.542
28.6552 677.329
28.6863 680.145
28.7175 682.989
28.7486 685.861
28.7798 688.761
28.811 691.686
28.8421 694.638
28.8733 697.615
28.9045 700.617
28.9356 703.642
28.9668 706.69
28.998 709.76
29.0291 712.852
29.0603 715.964
29.0914 719.096
29.1226 722.246
29.1538 725.414
29.1849 728.598
29.2161 731.799
29.2473 735.013
29.2784 738.241
29.3096 741.481
29.3408 744.732
29.3719 747.993
29.4031 751.263
29.4342 754.54
29.4654 757.823
29.4966 761.111
29.5277 764.403
29.5589 767.697
29.5901 770.992
29.6212 774.286
29.6524 777.578
29.6836 780.867
29.7147 784.151
29.7459 787.428
29.777 790.698
29.8082 793.958
29.8394 797.208
29.8705 800.445
29.9017 803.669
29.9329 806.877
29.964 810.068
29.9952 813.241
30.0264 816.395
30.0575 819.527
30.0887 822.636
30.1198 825.721
30.151 828.78
30.1822 831.813
30.2133 834.818
30.2445 837.794
30.2757 840.741
30.3068 843.657
30.338 846.541
30.3692 849.393
30.4003 852.213
30.4315 855.002
30.4626 857.757
30.4938 860.476
30.525 863.157
30.5561 865.798
30.5873 868.395
30.6185 870.949
30.6496 873.466
30.6808 875.949
30.712 878.39
30.7431 880.778
30.7743 883.103
30.8054 885.364
30.8366 887.564
30.8678 889.705
30.8989 891.79
30.9301 893.815
30.9613 895.773
30.9924 897.659
31.0236 899.474
31.0548 901.218
31.0859 902.89
31.1171 904.493
31.1483 906.027
31.1794 907.491
31.2106 908.886
31.2417 910.211
31.2729 911.465
31.3041 912.648
31.3352 913.76
31.3664 914.799
31.3976 915.766
31.4287 916.659
31.4599 917.477
31.4911 918.22
31.5222 918.888
31.5534 919.477
31.5845 919.988
31.6157 920.421
31.6469 920.778
31.678 921.059
31.7092 921.266
31.7404 921.398
31.7715 921.455
31.8027 921.439
31.8339 921.349
31.865 921.188
31.8962 920.957
31.9273 920.657
31.9585 920.29
31.9897 919.855
32.0208 919.355
32.052 918.791
32.0832 918.163
32.1143 917.474
32.1455 916.724
32.1767 915.915
32.2078 915.049
32.239 914.126
32.2701 913.149
32.3013 912.118
32.3325 911.035
32.3636 909.901
32.3948 908.718
32.426 907.487
32.4571 906.21
32.4883 904.888
32.5195 903.523
32.5506 902.116
32.5818 900.67
32.6129 899.185
32.6441 897.663
32.6753 896.106
32.7064 894.516
32.7376 892.894
32.7688 891.242
32.7999 889.562
32.8311 887.856
32.8623 886.124
32.8934 884.37
32.9246 882.595
32.9557 880.8
32.9869 878.988
33.0181 877.16
33.0492 875.317
33.0804 873.462
33.1116 871.597
33.1427 869.722
33.1739 867.841
33.2051 865.953
33.2362 864.062
33.2674 862.169
33.2985 860.275
33.3297 858.382
33.3609 856.492
33.392 854.606
33.4232 852.727
33.4544 850.854
33.4855 848.99
33.5167 847.136
33.5479 845.294
33.579 843.465
33.6102 841.651
33.6413 839.852
33.6725 838.071
33.7037 836.308
33.7348 834.564
33.766 832.841
33.7972 831.14
33.8283 829.462
33.8595 827.807
33.8907 826.177
33.9218 824.573
33.953 822.996
33.9841 821.446
34.0153 819.924
34.0465 818.431
34.0776 816.968
34.1088 815.535
34.14 814.133
34.1711 812.762
34.2023 811.423
34.2335 810.115
34.2646 808.841
34.2958 807.6
34.327 806.391
34.3581 805.217
34.3893 804.075
34.4204 802.967
34.4516 801.893
34.4828 800.852
34.5139 799.845
34.5451 798.872
34.5763 797.932
34.6074 797.024
34.6386 796.15
34.6698 795.309
34.7009 794.5
34.7321 793.723
34.7632 792.977
34.7944 792.262
34.8256 791.578
34.8567 790.924
34.8879 790.299
34.9191 789.703
34.9502 789.135
34.9814 788.594
35.0126 788.08
35.0437 787.591
35.0749 787.128
35.106 786.689
35.1372 786.273
35.1684 785.88
35.1995 785.507
35.2307 785.156
35.2619 784.824
35.293 784.51
35.3242 784.214
35.3554 783.934
35.3865 783.67
35.4177 783.42
35.4488 783.183
35.48 782.959
35.5112 782.745
35.5423 782.541
35.5735 782.345
35.6047 782.158
35.6358 781.977
35.667 781.8
35.6982 781.628
35.7293 781.459
35.7605 781.291
35.7916 781.123
35.8228 780.955
35.854 780.786
35.8851 780.613
35.9163 780.436
35.9475 780.254
35.9786 780.066
36.0098 779.87
36.041 779.666
36.0721 779.452
36.1033 779.228
36.1344 778.992
36.1656 778.743
36.1968 778.48
36.2279 778.202
36.2591 777.909
36.2903 777.599
36.3214 777.272
36.3526 776.925
36.3838 776.559
36.4149 776.172
36.4461 775.763
36.4772 775.332
36.5084 774.876
36.5396 774.397
36.5707 773.891
36.6019 773.36
36.6331 772.801
36.6642 772.214
36.6954 771.599
36.7266 770.955
36.7577 770.28
36.7889 769.574
36.82 768.838
36.8512 768.07
36.8824 767.271
36.9135 766.441
36.9447 765.58
36.9759 764.687
37.007 763.763
37.0382 762.808
37.0694 761.823
37.1005 760.808
37.1317 759.762
37.1629 758.686
37.194 757.58
37.2252 756.443
37.2563 755.275
37.2875 754.076
37.3187 752.844
37.3498 751.579
37.381 750.279
37.4122 748.944
37.4433 747.571
37.4745 746.16
37.5057 744.709
37.5368 743.219
37.568 741.683
37.5991 740.094
37.6303 738.464
37.6615 736.837
37.6926 735.223
37.7238 733.604
37.755 731.97
37.7861 730.316
37.8173 728.645
37.8485 726.959
37.8796 725.267
37.9108 723.579
37.9419 721.896
37.9731 720.208
38.0043 718.513
38.0354 716.805
38.0666 715.082
38.0978 713.351
38.1289 711.617
38.1601 709.881
38.1913 708.14
38.2224 706.391
38.2536 704.634
38.2847 702.866
38.3159 701.089
38.3471 699.304
38.3782 697.51
38.4094 695.708
38.4406 693.9
38.4717 692.085
38.5029 690.265
38.5341 688.439
38.5652 686.61
38.5964 684.778
38.6275 682.943
38.6587 681.106
38.6899 679.269
38.721 677.431
38.7522 675.594
38.7834 673.759
38.8145 671.927
38.8457 670.097
38.8769 668.271
38.908 666.449
38.9392 664.633
38.9703 662.823
39.0015 661.02
39.0327 659.224
39.0638 657.436
39.095 655.657
39.1262 653.887
39.1573 652.127
39.1885 650.377
39.2197 648.639
39.2508 646.913
39.282 645.199
39.3131 643.497
39.3443 641.81
39.3755 640.136
39.4066 638.476
39.4378 636.831
39.469 635.201
39.5001 633.587
39.5313 631.989
39.5625 630.407
39.5936 628.842
39.6248 627.294
39.6559 625.764
39.6871 624.251
39.7183 622.756
39.7494 621.28
39.7806 619.823
39.8118 618.384
39.8429 616.964
39.8741 615.563
39.9053 614.181
39.9364 612.819
39.9676 611.477
39.9988 610.154
40.0299 608.851
40.0611 607.568
40.0922 606.306
40.1234 605.063
40.1546 603.84
40.1857 602.638
40.2169 601.455
40.2481 600.293
40.2792 599.151
40.3104 598.029
40.3416 596.928
40.3727 595.846
40.4039 594.785
40.435 593.743
40.4662 592.721
40.4974 591.718
40.5285 590.736
40.5597 589.773
40.5909 588.83
40.622 587.905
40.6532 587
40.6844 586.113
40.7155 585.246
40.7467 584.397
40.7778 583.566
40.809 582.754
40.8402 581.96
40.8713 581.183
40.9025 580.425
40.9337 579.683
40.9648 578.959
40.996 578.252
41.0272 577.561
41.0583 576.887
41.0895 576.229
41.1206 575.587
41.1518 574.961
41.183 574.351
41.2141 573.755
41.2453 573.175
41.2765 572.609
41.3076 572.058
41.3388 571.521
41.37 570.998
41.4011 570.488
41.4323 569.992
41.4634 569.509
41.4946 569.039
41.5258 568.582
41.5569 568.137
41.5881 567.704
41.6193 567.283
41.6504 566.874
41.6816 566.475
41.7128 566.088
41.7439 565.711
41.7751 565.345
41.8062 564.99
41.8374 564.644
41.8686 564.308
41.8997 563.981
41.9309 563.665
41.9621 563.357
41.9932 563.057
42.0244 562.767
42.0556 562.484
42.0867 562.209
42.1179 561.942
42.149 561.682
42.1802 561.429
42.2114 561.183
42.2425 560.943
42.2737 560.709
42.3049 560.48
42.336 560.257
42.3672 560.038
42.3984 559.822
42.4295 559.61
42.4607 559.401
42.4918 559.193
42.523 558.985
42.5542 558.777
42.5853 558.568
42.6165 558.362
42.6477 558.156
42.6788 557.954
42.71 557.758
42.7412 557.564
42.7723 557.367
42.8035 557.164
42.8346 556.96
42.8658 556.767
42.897 556.591
42.9281 556.433
42.9593 556.287
42.9905 556.148
43.0216 556.013
43.0528 555.885
43.084 555.768
43.1151 555.666
43.1463 555.576
43.1775 555.497
43.2086 555.425
43.2398 555.36
43.2709 555.298
43.3021 555.24
43.3333 555.184
43.3644 555.129
43.3956 555.077
43.4268 555.025
43.4579 554.974
43.4891 554.924
43.5203 554.874
43.5514 554.824
43.5826 554.776
43.6137 554.727
43.6449 554.678
43.6761 554.629
43.7072 554.58
43.7384 554.531
43.7696 554.482
43.8007 554.433
43.8319 554.384
43.8631 554.335
43.8942 554.285
43.9254 554.235
43.9565 554.185
43.9877 554.135
44.0189 554.084
44.05 554.033
44.0812 553.982
44.1124 553.931
44.1435 553.879
44.1747 553.826
44.2059 553.773
44.237 553.72
44.2682 553.666
44.2993 553.612
44.3305 553.558
44.3617 553.503
44.3928 553.447
44.424 553.391
44.4552 553.334
44.4863 553.276
44.5175 553.218
44.5487 553.16
44.5798 553.101
44.611 553.041
44.6421 552.981
44.6733 552.921
44.7045 552.86
44.7356 552.798
44.7668 552.735
44.798 552.673
44.8291 552.609
44.8603 552.545
44.8915 552.481
44.9226 552.415
44.9538 552.349
44.9849 552.283
45.0161 552.216
45.0473 552.148
45.0784 552.08
45.1096 552.011
45.1408 551.942
45.1719 551.871
45.2031 551.801
45.2343 551.729
45.2654 551.657
45.2966 551.585
45.3277 551.511
45.3589 551.438
45.3901 551.363
45.4212 551.288
45.4524 551.212
45.4836 551.135
45.5147 551.058
45.5459 550.98
45.5771 550.902
45.6082 550.824
45.6394 550.744
45.6705 550.664
45.7017 550.583
45.7329 550.502
45.764 550.42
45.7952 550.338
45.8264 550.255
45.8575 550.171
45.8887 550.087
45.9199 550.003
45.951 549.918
45.9822 549.833
46.0134 549.747
46.0445 549.662
46.0757 549.576
46.1068 549.49
46.138 549.404
46.1692 549.318
46.2003 549.232
46.2315 549.147
46.2627 549.063
46.2938 548.979
46.325 548.896
46.3562 548.815
46.3873 548.736
46.4185 548.662
46.4496 548.594
46.4808 548.536
46.512 548.488
46.5431 548.446
46.5743 548.412
46.6055 548.388
46.6366 548.374
46.6678 548.368
46.699 548.37
46.7301 548.378
46.7613 548.39
46.7924 548.405
46.8236 548.426
46.8548 548.455
46.8859 548.487
46.9171 548.518
46.9483 548.543
46.9794 548.562
47.0106 548.574
47.0418 548.583
47.0729 548.592
47.1041 548.602
47.1352 548.614
47.1664 548.626
47.1976 548.642
47.2287 548.659
47.2599 548.68
47.2911 548.704
47.3222 548.732
47.3534 548.764
47.3846 548.8
47.4157 548.841
47.4469 548.887
47.478 548.938
47.5092 548.995
47.5404 549.057
47.5715 549.125
47.6027 549.198
47.6339 549.278
47.665 549.364
47.6962 549.457
47.7274 549.557
47.7585 549.663
47.7897 549.777
47.8208 549.898
47.852 550.026
47.8832 550.162
47.9143 550.306
47.9455 550.459
47.9767 550.62
48.0078 550.79
48.039 550.968
48.0702 551.155
48.1013 551.352
48.1325 551.558
48.1636 551.773
48.1948 551.999
48.226 552.234
48.2571 552.479
48.2883 552.735
48.3195 553.001
48.3506 553.279
48.3818 553.567
48.413 553.866
48.4441 554.177
48.4753 554.499
48.5064 554.834
48.5376 555.18
48.5688 555.538
48.5999 555.909
48.6311 556.293
48.6623 556.689
48.6934 557.098
48.7246 557.521
48.7558 557.957
48.7869 558.406
48.8181 558.868
48.8493 559.345
48.8804 559.836
48.9116 560.34
48.9427 560.859
48.9739 561.392
49.0051 561.94
49.0362 562.502
49.0674 563.078
49.0986 563.67
49.1297 564.276
49.1609 564.898
49.1921 565.535
49.2232 566.186
49.2544 566.853
49.2855 567.535
49.3167 568.232
49.3479 568.945
49.379 569.673
49.4102 570.416
49.4414 571.174
49.4725 571.948
49.5037 572.737
49.5349 573.542
49.566 574.361
49.5972 575.196
49.6283 576.046
49.6595 576.911
49.6907 577.791
49.7218 578.685
49.753 579.595
49.7842 580.518
49.8153 581.456
49.8465 582.409
49.8777 583.375
49.9088 584.355
49.94 585.349
49.9711 586.356
50.0023 587.376
50.0335 588.409
50.0646 589.455
50.0958 590.514
50.127 591.584
50.1581 592.666
50.1893 593.76
50.2205 594.864
50.2516 595.98
50.2828 597.105
50.3139 598.241
50.3451 599.386
50.3763 600.54
50.4074 601.703
50.4386 602.875
50.4698 604.053
50.5009 605.24
50.5321 606.433
50.5633 607.633
50.5944 608.839
50.6256 610.05
50.6567 611.266
50.6879 612.486
50.7191 613.709
50.7502 614.936
50.7814 616.166
50.8126 617.397
50.8437 618.63
50.8749 619.863
50.9061 621.096
50.9372 622.329
50.9684 623.561
50.9995 624.79
51.0307 626.018
51.0619 627.241
51.093 628.462
51.1242 629.677
51.1554 630.888
51.1865 632.093
51.2177 633.291
51.2489 634.482
51.28 635.665
51.3112 636.839
51.3423 638.003
51.3735 639.158
51.4047 640.302
51.4358 641.435
51.467 642.555
51.4982 643.662
51.5293 644.756
51.5605 645.835
51.5917 646.9
51.6228 647.948
51.654 648.981
51.6851 649.996
51.7163 650.993
51.7475 651.973
51.7786 652.933
51.8098 653.874
51.841 654.794
51.8721 655.693
51.9033 656.571
51.9345 657.427
51.9656 658.26
51.9968 659.069
52.028 659.855
52.0591 660.617
52.0903 661.353
52.1214 662.064
52.1526 662.749
52.1838 663.407
52.2149 664.039
52.2461 664.642
52.2773 665.219
52.3084 665.767
52.3396 666.286
52.3708 666.775
52.4019 667.236
52.4331 667.666
52.4642 668.065
52.4954 668.435
52.5266 668.773
52.5577 669.078
52.5889 669.352
52.6201 669.593
52.6512 669.8
52.6824 669.974
52.7136 670.114
52.7447 670.219
52.7759 670.29
52.807 670.327
52.8382 670.329
52.8694 670.296
52.9005 670.229
52.9317 670.127
52.9629 669.99
52.994 669.82
53.0252 669.616
53.0564 669.379
53.0875 669.11
53.1187 668.809
53.1498 668.476
53.181 668.113
53.2122 667.719
53.2433 667.294
53.2745 666.84
53.3057 666.356
53.3368 665.843
53.368 665.302
53.3992 664.732
53.4303 664.134
53.4615 663.51
53.4926 662.858
53.5238 662.181
53.555 661.477
53.5861 660.748
53.6173 659.994
53.6485 659.216
53.6796 658.414
53.7108 657.589
53.742 656.742
53.7731 655.872
53.8043 654.981
53.8354 654.07
53.8666 653.138
53.8978 652.187
53.9289 651.217
53.9601 650.229
53.9913 649.224
54.0224 648.201
54.0536 647.162
54.0848 646.108
54.1159 645.039
54.1471 643.956
54.1782 642.859
54.2094 641.75
54.2406 640.629
54.2717 639.497
54.3029 638.353
54.3341 637.201
54.3652 636.039
54.3964 634.868
54.4276 633.69
54.4587 632.505
54.4899 631.313
54.521 630.116
54.5522 628.914
54.5834 627.708
54.6145 626.498
54.6457 625.285
54.6769 624.07
54.708 622.853
54.7392 621.636
54.7704 620.417
54.8015 619.2
54.8327 617.983
54.8639 616.768
54.895 615.555
54.9262 614.344
54.9573 613.137
54.9885 611.934
55.0197 610.736
55.0508 609.542
55.082 608.354
55.1132 607.173
55.1443 605.998
55.1755 604.831
55.2067 603.671
55.2378 602.519
55.269 601.377
55.3001 600.243
55.3313 599.118
55.3625 598.004
55.3936 596.901
55.4248 595.808
55.456 594.726
55.4871 593.657
55.5183 592.599
55.5495 591.553
55.5806 590.521
55.6118 589.501
55.6429 588.494
55.6741 587.502
55.7053 586.523
55.7364 585.558
55.7676 584.607
55.7988 583.672
55.8299 582.751
55.8611 581.845
55.8923 580.956
55.9234 580.081
55.9546 579.222
55.9857 578.38
56.0169 577.553
56.0481 576.743
56.0792 575.95
56.1104 575.174
56.1416 574.416
56.1727 573.675
56.2039 572.953
56.2351 572.25
56.2662 571.566
56.2974 570.903
56.3285 570.259
56.3597 569.635
56.3909 569.034
56.422 568.453
56.4532 567.89
56.4844 567.348
56.5155 566.826
56.5467 566.327
56.5779 565.852
56.609 565.401
56.6402 564.975
56.6713 564.575
56.7025 564.201
56.7337 563.85
56.7648 563.522
56.796 563.215
56.8272 562.929
56.8583 562.667
56.8895 562.427
56.9207 562.201
56.9518 561.988
56.983 561.787
57.0141 561.598
57.0453 561.423
57.0765 561.262
57.1076 561.116
57.1388 560.985
57.17 560.869
57.2011 560.769
57.2323 560.684
57.2635 560.616
57.2946 560.564
57.3258 560.529
57.3569 560.511
57.3881 560.51
57.4193 560.527
57.4504 560.56
57.4816 560.611
57.5128 560.68
57.5439 560.766
57.5751 560.869
57.6063 560.991
57.6374 561.13
57.6686 561.287
57.6998 561.462
57.7309 561.654
57.7621 561.865
57.7932 562.093
57.8244 562.339
57.8556 562.603
57.8867 562.885
57.9179 563.185
57.9491 563.503
57.9802 563.839
58.0114 564.193
58.0426 564.565
58.0737 564.955
58.1049 565.362
58.136 565.788
58.1672 566.231
58.1984 566.692
58.2295 567.172
58.2607 567.669
58.2919 568.185
58.323 568.719
58.3542 569.27
58.3854 569.839
58.4165 570.426
58.4477 571.03
58.4788 571.652
58.51 572.29
58.5412 572.943
58.5723 573.611
58.6035 574.289
58.6347 574.978
58.6658 575.684
58.697 576.404
58.7282 577.139
58.7593 577.889
58.7905 578.655
58.8216 579.438
58.8528 580.242
58.884 581.067
58.9151 581.916
58.9463 582.784
58.9775 583.671
59.0086 584.582
59.0398 585.52
59.071 586.489
59.1021 587.49
59.1333 588.521
59.1644 589.578
59.1956 590.657
59.2268 591.758
59.2579 592.88
59.2891 594.022
59.3203 595.184
59.3514 596.366
59.3826 597.567
59.4138 598.786
59.4449 600.023
59.4761 601.279
59.5072 602.552
59.5384 603.843
59.5696 605.151
59.6007 606.476
59.6319 607.819
59.6631 609.179
59.6942 610.556
59.7254 611.949
59.7566 613.359
59.7877 614.786
59.8189 616.231
59.85 617.692
59.8812 619.169
59.9124 620.661
59.9435 622.167
59.9747 623.686
60.0059 625.216
60.037 626.759
60.0682 628.313
60.0994 629.88
60.1305 631.461
60.1617 633.058
60.1928 634.662
60.224 636.272
60.2552 637.892
60.2863 639.521
60.3175 641.159
60.3487 642.805
60.3798 644.459
60.411 646.12
60.4422 647.788
60.4733 649.462
60.5045 651.141
60.5356 652.826
60.5668 654.515
60.598 656.207
60.6291 657.903
60.6603 659.602
60.6915 661.302
60.7226 663.003
60.7538 664.705
60.785 666.408
60.8161 668.107
60.8473 669.807
60.8785 671.488
60.9096 673.165
60.9408 674.839
60.9719 676.506
61.0031 678.168
61.0343 679.823
61.0654 681.471
61.0966 683.11
61.1278 684.739
61.1589 686.359
61.1901 687.967
61.2213 689.564
61.2524 691.148
61.2836 692.719
61.3147 694.275
61.3459 695.817
61.3771 697.342
61.4082 698.85
61.4394 700.341
61.4706 701.813
61.5017 703.266
61.5329 704.699
61.5641 706.11
61.5952 707.499
61.6264 708.866
61.6575 710.209
61.6887 711.528
61.7199 712.821
61.751 714.088
61.7822 715.328
61.8134 716.541
61.8445 717.725
61.8757 718.881
61.9069 720.006
61.938 721.1
61.9692 722.163
62.0003 723.193
62.0315 724.191
62.0627 725.155
62.0938 726.084
62.125 726.979
62.1562 727.838
62.1873 728.66
62.2185 729.445
62.2497 730.193
62.2808 730.903
62.312 731.573
62.3431 732.204
62.3743 732.794
62.4055 733.344
62.4366 733.852
62.4678 734.319
62.499 734.743
62.5301 735.124
62.5613 735.461
62.5925 735.755
62.6236 736.004
62.6548 736.209
62.6859 736.368
62.7171 736.481
62.7483 736.548
62.7794 736.568
62.8106 736.542
62.8418 736.467
62.8729 736.346
62.9041 736.176
62.9353 735.96
62.9664 735.695
62.9976 735.382
63.0287 735.022
63.0599 734.615
63.0911 734.161
63.1222 733.661
63.1534 733.115
63.1846 732.523
63.2157 731.885
63.2469 731.202
63.2781 730.474
63.3092 729.702
63.3404 728.885
63.3715 728.024
63.4027 727.119
63.4339 726.171
63.465 725.18
63.4962 724.146
63.5274 723.069
63.5585 721.951
63.5897 720.791
63.6209 719.59
63.652 718.348
63.6832 717.066
63.7144 715.743
63.7455 714.381
63.7767 712.98
63.8078 711.541
63.839 710.063
63.8702 708.548
63.9013 706.996
63.9325 705.407
63.9637 703.782
63.9948 702.121
64.026 700.425
64.0572 698.695
64.0883 696.93
64.1195 695.133
64.1506 693.302
64.1818 691.439
64.213 689.545
64.2441 687.619
64.2753 685.663
64.3065 683.677
64.3376 681.662
64.3688 679.618
64.4 677.546
64.4311 675.446
64.4623 673.32
64.4934 671.167
64.5246 668.989
64.5558 666.785
64.5869 664.557
64.6181 662.305
64.6493 660.029
64.6804 657.731
64.7116 655.411
64.7428 653.07
64.7739 650.708
64.8051 648.325
64.8362 645.923
64.8674 643.501
64.8986 641.061
64.9297 638.603
64.9609 636.128
64.9921 633.636
65.0232 631.127
65.0544 628.603
65.0856 626.064
65.1167 623.511
65.1479 620.943
65.179 618.362
65.2102 615.768
65.2414 613.162
65.2725 610.544
65.3037 607.915
65.3349 605.275
65.366 602.625
65.3972 599.964
65.4284 597.295
65.4595 594.617
65.4907 591.931
65.5218 589.237
65.553 586.536
65.5842 583.828
65.6153 581.113
65.6465 578.393
65.6777 575.667
65.7088 572.936
65.74 570.201
65.7712 567.462
65.8023 564.719
65.8335 561.972
65.8646 559.223
65.8958 556.472
65.927 553.718
65.9581 550.962
65.9893 548.205
66.0205 545.448
66.0516 542.69
66.0828 539.932
66.114 537.175
66.1451 534.419
66.1763 531.665
66.2074 528.913
66.2386 526.163
66.2698 523.415
66.3009 520.671
66.3321 517.93
66.3633 515.194
66.3944 512.463
66.4256 509.736
66.4568 507.015
66.4879 504.3
66.5191 501.591
66.5503 498.889
66.5814 496.193
66.6126 493.506
66.6437 490.826
66.6749 488.154
66.7061 485.491
66.7372 482.838
66.7684 480.193
66.7996 477.558
66.8307 474.934
66.8619 472.32
66.8931 469.718
