0 31.7068 0
0.0156064 31.118 -1.4988e-15
0.0312129 29.4132 -1.52656e-15
0.0468193 26.7678 -2.49974e-15
0.0624258 23.4432 -1.94289e-15
0.0780322 19.7469 -1.71998e-15
0.0936387 15.9884 -1.57513e-15
0.109245 12.4383 -2.44249e-15
0.124852 9.29827 -4.71845e-16
0.140458 6.68638 -5.37764e-17
0.156064 4.6374 -8.67362e-17
0.171671 3.11716 -1.44156e-15
0.187277 2.0451 -5.25621e-16
0.202884 1.31953 -2.76688e-16
0.21849 0.840045 6.18863e-16
0.234097 0.523142 1.18286e-16
0.249703 0.309469 1.30104e-16
0.26531 0.163304 2.48065e-16
0.280916 0.0666601 1.9494e-16
0.296522 0.0111757 2.36302e-16
0.312129 -0.00921527 2.82109e-16
0.327735 -0.00280642 2.17206e-16
0.343342 0.0188445 -3.81097e-17
0.358948 0.042761 -1.03433e-16
0.374555 0.0578194 -4.06034e-16
0.390161 0.0577618 1.558e-16
0.405768 0.0426367 -2.35597e-16
0.421374 0.0181155 -1.43636e-16
0.43698 -0.0070079 -6.6982e-16
0.452587 -0.0241798 -4.8144e-16
0.468193 -0.0281065 -5.10442e-16
0.4838 -0.0184215 -4.24004e-16
0.499406 0.000478441 -7.99599e-19
0.515013 0.0212454 -5.72527e-17
0.530619 0.0363068 1.16687e-16
0.546226 0.0405087 3.82696e-16
0.561832 0.0327693 1.88949e-16
0.577438 0.0162324 5.13939e-16
0.593045 -0.00304635 1.69673e-16
0.608651 -0.0183465 -7.66531e-17
0.624258 -0.0246415 8.34836e-17
0.639864 -0.0202539 1.78893e-16
0.655471 -0.00727472 1.84572e-16
0.671077 0.00933401 -1.06137e-16
0.686684 0.0235813 -1.64257e-17
0.70229 0.0305579 -6.8237e-18
0.717896 0.0280799 1.61004e-16
0.733503 0.0173231 -2.34188e-17
0.749109 0.00227627 4.33681e-19
0.764716 -0.0117484 1.98246e-16
0.780322 -0.0199964 -9.54098e-17
0.795929 -0.0198851 1.98951e-16
0.811535 -0.0118071 2.01336e-16
0.827142 0.00111792 6.58924e-17
0.842748 0.0142177 -1.39103e-16
0.858354 0.02293 -1.1086e-16
0.873961 0.0243664 1.36989e-16
0.889567 0.0182449 4.81169e-16
0.905174 0.00689576 6.28986e-16
0.92078 -0.0056289 8.77906e-16
0.936387 -0.0150048 1.37032e-15
0.951993 -0.0181301 2.11991e-15
0.967599 -0.0141503 1.68982e-15
0.983206 -0.00467998 2.39257e-15
0.998812 0.00682967 -5.9089e-18
1.01442 0.0163331 1.87977e-16
1.03003 0.0205974 -6.65659e-16
1.04563 0.0182873 -6.63911e-16
1.06124 0.0103676 -3.29869e-17
1.07684 -0.000295843 1.86171e-16
1.09245 -0.00997501 4.21755e-17
1.10806 -0.0153837 2.70671e-16
1.12366 -0.0147936 7.13947e-17
1.13927 -0.00858399 1.24846e-16
1.15488 0.000945366 1.36379e-16
1.17048 0.0104158 -1.37775e-16
1.18609 0.016558 -1.94723e-16
1.2017 0.0173313 -9.43256e-17
1.2173 0.0125924 6.02816e-17
1.23291 0.00409601 7.81439e-17
1.24852 -0.00515525 3.03577e-18
1.26412 -0.011973 1.0674e-16
1.27973 -0.0140818 1.39862e-16
1.29533 -0.0108785 3.07995e-16
1.31094 -0.00359887 4.90601e-17
1.32655 0.00515009 5.34241e-17
1.34215 0.0123173 -1.28749e-16
1.35776 0.0154653 -4.33681e-18
1.37337 0.013593 -4.14165e-16
1.38897 0.00744698 -2.1291e-16
1.40458 -0.00077417 -5.38179e-17
1.42019 -0.00820668 -3.61317e-16
1.43579 -0.0123195 -6.63532e-16
1.4514 -0.0117761 -7.04894e-16
1.46701 -0.00686798 -5.35216e-16
1.48261 0.00062009 -1.00611e-15
1.49822 0.00805404 -2.05456e-17
1.51383 0.0128727 -3.65153e-16
1.52943 0.0134657 -1.67238e-17
1.54504 0.00970741 -3.35832e-17
1.56064 0.0029699 -4.79217e-17
1.57625 -0.00437776 -1.44172e-16
1.59186 -0.0098029 1.0327e-16
1.60746 -0.0114823 1.74665e-16
1.62307 -0.00891464 5.76796e-17
1.63868 -0.00306751 7.10695e-17
1.65428 0.00398279 -6.56755e-17
1.66989 0.00978522 -1.82959e-17
1.6855 0.0123628 2.84603e-17
1.7011 0.0108832 -3.52345e-16
1.71671 0.00592349 -2.09927e-16
1.73232 -0.000753284 -2.72758e-16
1.74792 -0.00682508 1.20092e-16
1.76353 -0.0102186 1.71331e-16
1.77913 -0.00981694 1.96186e-16
1.79474 -0.00582717 5.31306e-16
1.81035 0.000314132 6.47431e-16
1.82595 0.00645524 1.09561e-15
1.84156 0.0104808 1.14485e-15
1.85717 0.011038 2.1162e-15
1.87277 0.00798899 3.51143e-15
1.88838 0.0024377 4.76328e-15
1.90399 -0.0036694 5.61594e-15
1.91959 -0.00822612 6.65579e-15
1.9352 -0.00969293 9.64024e-15
1.95081 -0.00761692 1.08721e-14
1.96641 -0.00277033 1.13689e-14
1.98202 0.00313417 1.24588e-14
1.99762 0.00804675 -1.92988e-17
2.01323 0.0102902 -3.25645e-16
2.02884 0.00913064 -2.91515e-17
2.04444 0.00501555 -3.65607e-16
2.06005 -0.000598029 -8.17177e-16
2.07566 -0.00575941 -7.56092e-16
2.09126 -0.00870214 2.88655e-16
2.10687 -0.00844859 2.16596e-16
2.12248 -0.00513445 1.4718e-16
2.13808 5.40767e-05 2.82326e-16
2.15369 0.00530324 -2.74168e-17
2.1693 0.00880428 1.41976e-16
2.1849 0.00937523 -9.76595e-17
2.20051 0.00685848 -1.87648e-16
2.21611 0.00216062 -1.79869e-16
2.23172 -0.00307408 -2.36844e-16
2.24733 -0.00703923 1.20855e-17
2.26293 -0.00838965 1.27394e-17
2.27854 -0.00669769 7.36173e-17
2.29415 -0.00258792 -3.10353e-17
2.30975 0.00249183 5.22043e-17
2.32536 0.00677925 7.13405e-17
2.34097 0.0088078 1.01264e-16
2.35657 0.00790718 7.80083e-17
2.37218 0.00442348 -2.42834e-16
2.38779 -0.000413052 2.84603e-17
2.40339 -0.00492244 -1.15142e-16
2.419 -0.00755861 -3.48713e-16
2.43461 -0.00743942 -7.79406e-16
2.45021 -0.00464172 -8.36299e-16
2.46582 -0.000162912 -9.56049e-16
2.48142 0.00443356 -7.88242e-16
2.49703 0.00756306 -2.00645e-17
2.51264 0.00816504 1.43975e-16
2.52824 0.00606154 1.05574e-17
2.54385 0.00200768 1.56423e-16
2.55946 -0.00257936 2.85172e-16
2.57506 -0.00611578 1.72835e-16
2.59067 -0.00739803 -8.0674e-17
2.60628 -0.00601237 2.2443e-17
2.62188 -0.00246795 -1.24683e-17
2.63749 0.00198914 -5.72916e-17
2.6531 0.00581313 -1.46367e-17
2.6687 0.00769388 -1.87188e-16
2.68431 0.00700498 1.0018e-16
2.69991 0.00401145 -3.9675e-17
2.71552 -0.00023148 -1.99276e-16
2.73113 -0.00425039 -1.83881e-16
2.74673 -0.00666534 2.44488e-17
2.76234 -0.00666369 2.97939e-16
2.77795 -0.00427347 -1.80465e-16
2.79355 -0.0003445 1.01807e-16
2.80916 0.00375303 5.01444e-17
2.82477 0.00660573 -5.02528e-17
2.84037 0.0072439 -2.38524e-18
2.85598 0.00547048 1.3234e-16
2.87159 0.00192062 3.23634e-16
2.88719 -0.00216571 3.52393e-16
2.9028 -0.0053769 8.02418e-16
2.9184 -0.00661731 9.10161e-16
2.93401 -0.00548109 1.29454e-15
2.94962 -0.00238471 1.821e-15
2.96522 0.00158484 1.89288e-15
2.98083 0.00505112 2.21865e-15
2.99644 0.0068249 -3.29869e-17
3.01204 0.00631167 -5.63761e-16
3.02765 0.00371027 -8.35513e-17
3.04326 -6.35279e-05 1.80682e-16
3.05886 -0.00369939 1.18151e-16
3.07447 -0.00594741 1.52805e-16
3.09008 -0.00604779 7.21808e-17
3.10568 -0.00398759 7.83607e-17
3.12129 -0.000497876 2.1413e-17
3.1369 0.00320514 1.21376e-16
3.1525 0.00584353 1.73228e-16
3.16811 0.00651818 9.37022e-17
3.18371 0.00501471 9.23605e-18
3.19932 0.00187081 7.97431e-17
3.21493 -0.00181604 9.58443e-17
3.23053 -0.00477168 -1.63443e-16
3.24614 -0.00598558 3.88144e-17
3.26175 -0.00505639 6.64328e-17
3.27735 -0.00232444 9.12356e-17
3.29296 0.00125227 -5.9604e-17
3.30857 0.00443357 6.2179e-17
3.32417 0.00612675 -6.904e-17
3.33978 0.00576148 -6.22603e-17
3.35539 0.00348147 -4.10099e-17
3.37099 8.85534e-05 -1.45988e-16
3.3866 -0.00323926 -1.62793e-16
3.4022 -0.00535684 -7.27085e-17
3.41781 -0.00554595 -3.75791e-16
3.43342 -0.00375885 -4.47044e-16
3.44902 -0.000628833 -7.96401e-16
3.46463 0.00275377 -6.60577e-16
3.48024 0.00522109 -8.1513e-16
3.49584 0.00593055 -4.11726e-17
3.51145 0.00465229 1.23443e-16
3.52706 0.00184304 -2.06161e-16
3.54266 -0.00151697 2.93683e-17
3.55827 -0.00426609 -1.0159e-16
3.57388 -0.00546286 4.78567e-16
3.58948 -0.00470837 2.41584e-16
3.60509 -0.00227921 2.18169e-16
3.62069 0.000973497 1.12432e-16
3.6363 0.00392194 -1.02891e-16
3.65191 0.0055524 2.06541e-16
3.66751 0.00531345 7.07544e-17
3.68312 0.00330215 1.05452e-16
3.69873 0.000225332 -1.67272e-16
3.71433 -0.0028488 2.36573e-16
3.72994 -0.00486152 1.2181e-16
3.74555 -0.00512823 3.388e-16
3.76115 -0.00357127 3.99474e-16
3.77676 -0.000741849 7.36688e-16
3.79237 0.00237476 1.35555e-15
3.80797 0.0047021 2.13493e-15
3.82358 0.00544402 3.30307e-15
3.83919 0.00435679 4.74768e-15
3.85479 0.00182878 7.01574e-15
3.8704 -0.00125824 9.9703e-15
3.886 -0.00383665 1.25327e-14
3.90161 -0.00502221 1.65852e-14
3.91722 -0.0044173 2.02014e-14
3.93282 -0.00224423 2.48815e-14
3.94843 0.000736076 2.78484e-14
3.96404 0.00349024 3.09381e-14
3.97964 0.00507054 3.25833e-14
3.99525 0.00494077 -1.21431e-17
4.01086 0.00315796 3.18216e-16
4.02646 0.000348287 -9.18648e-16
4.04207 -0.00251279 -4.76473e-16
4.05768 -0.00443926 -2.60791e-16
4.07328 -0.0047743 1.22406e-16
4.08889 -0.00341427 -1.3746e-16
4.10449 -0.000840366 6.87615e-16
4.1201 0.00205137 -5.23548e-16
4.13571 0.00426179 -2.37711e-17
4.15131 0.00503364 1.12622e-17
4.16692 0.0041108 -1.07106e-16
4.18253 0.00182298 -1.07783e-16
4.19813 -0.00103205 -1.5748e-16
4.21374 -0.00346662 -1.98057e-16
4.22935 -0.00464485 -2.46886e-16
4.24495 -0.00416964 -1.34915e-17
4.26056 -0.00221645 1.50677e-16
4.27617 0.000531099 7.05545e-17
4.29177 0.00312031 5.71375e-17
4.30738 0.00465958 2.50722e-18
4.32298 0.00462522 6.95583e-17
4.33859 0.00303947 -1.01075e-16
4.3542 0.000459081 -2.49909e-17
4.3698 -0.0022201 -2.15458e-16
4.38541 -0.00407419 -1.68377e-16
4.40102 -0.00446984 -2.63119e-16
4.41662 -0.00328058 -2.4753e-16
4.43223 -0.000927034 -7.24627e-16
4.44784 0.00177163 -4.41596e-16
4.46344 0.00388268 -3.68276e-16
4.47905 0.00468203 -4.93027e-16
4.49466 0.00390241 -6.07153e-18
4.51026 0.00182257 -1.38351e-16
4.52587 -0.000832407 3.33311e-16
4.54148 -0.00314382 3.70933e-16
4.55708 -0.0043173 -2.3744e-17
4.57269 -0.00395579 -7.92687e-17
4.58829 -0.00219386 4.89068e-17
4.6039 0.000352034 1.58294e-17
4.61951 0.00279909 4.25007e-17
4.63511 0.00430412 -1.80438e-16
4.65072 0.00435396 1.24168e-16
4.66633 0.00294027 4.87281e-17
4.68193 0.000559291 -3.5345e-17
4.69754 -0.00196238 1.2345e-16
4.71315 -0.00375473 3.06829e-17
4.72875 -0.0042045 -2.40282e-16
4.74436 -0.00316502 -3.06287e-18
4.75997 -0.00100391 -2.08872e-16
4.77557 0.00152677 -2.08167e-17
4.79118 0.00355211 1.86645e-16
4.80678 0.00437668 9.55928e-17
4.82239 0.0037232 1.62712e-16
4.838 0.0018256 1.0159e-16
4.8536 -0.000654648 3.63099e-16
4.86921 -0.00285915 2.75713e-16
4.88482 -0.00402963 1.94126e-16
4.90042 -0.00376878 5.99808e-16
4.91603 -0.00217509 1.03663e-15
4.93164 0.000193984 1.34734e-15
4.94724 0.00251693 2.16794e-15
4.96285 0.0039929 1.98166e-15
4.97846 0.0041177 2.05722e-15
4.99406 0.00285589 -5.69206e-18
5.00967 0.00065032 2.15407e-16
5.02527 -0.00173328 -2.18379e-16
5.04088 -0.00347219 1.41651e-16
5.05649 -0.0039706 -2.19422e-16
5.07209 -0.00306384 1.02769e-16
5.0877 -0.00107262 9.81203e-18
5.10331 0.00131021 6.83047e-17
5.11891 0.00326064 -8.02852e-17
5.13452 0.00410838 -1.8259e-16
5.15013 0.00356705 -3.66731e-17
5.16573 0.00183084 1.47723e-17
5.18134 -0.000495124 1.6263e-16
5.19695 -0.00260568 2.14293e-16
5.21255 -0.00377434 -4.98191e-17
5.22816 -0.0036034 -1.13245e-16
5.24376 -0.00215919 1.6263e-18
5.25937 5.32113e-05 1.84585e-16
5.27498 0.00226659 -1.999e-17
5.29058 0.00371751 -1.81333e-17
5.30619 0.00390956 -2.20093e-17
5.3218 0.00278306 -3.98471e-16
5.3374 0.000733381 -7.64363e-18
5.35301 -0.00152789 -8.71834e-17
5.36862 -0.00321993 -1.8258e-16
5.38422 -0.00376235 -2.263e-16
5.39983 -0.00297423 -2.62717e-16
5.41544 -0.00113444 -6.58849e-16
5.43104 0.00111692 -5.43538e-16
5.44665 0.00300115 -4.34982e-16
5.46226 0.00387019 -1.04551e-15
5.47786 0.00342942 -8.57197e-16
5.49347 0.00183744 -1.46367e-18
5.50907 -0.000350937 1.57975e-16
5.52468 -0.00237806 -4.64852e-17
5.54029 -0.00354573 1.36962e-16
5.55589 -0.0034557 -5.25838e-18
5.5715 -0.00214547 1.87919e-16
5.58711 -7.31897e-05 2.26869e-16
5.60271 0.00204248 1.50616e-16
5.61832 0.00347152 1.27719e-16
5.63393 0.00372432 1.12052e-16
5.64953 0.00271943 1.52954e-16
5.66514 0.000809509 1.42085e-16
5.68075 -0.00134233 1.93584e-16
5.69635 -0.00299283 1.87425e-16
5.71196 -0.00357527 6.65971e-17
5.72756 -0.00289406 9.36209e-17
5.74317 -0.00119041 9.53386e-17
5.75878 0.000943002 2.66903e-16
5.77438 0.00276812 3.70662e-16
5.78999 0.0036568 7.83228e-16
5.8056 0.00330688 7.92931e-16
5.8212 0.00184487 1.03181e-15
5.83681 -0.000219762 1.61412e-15
5.85242 -0.00217209 2.18639e-15
5.86802 -0.00333932 3.39272e-15
5.88363 -0.00332262 4.52194e-15
5.89924 -0.00213342 5.57308e-15
5.91484 -0.000187509 6.88053e-15
5.93045 0.00184026 9.00896e-15
5.94605 0.00324993 1.02371e-14
5.96166 0.00355799 1.13601e-14
5.97727 0.00266318 1.19657e-14
5.99287 0.000879584 -5.09575e-18
6.00848 -0.00117354 3.09707e-16
6.02409 -0.00278683 2.04738e-16
6.03969 -0.00340585 -3.28649e-17
6.0553 -0.00282167 5.9066e-16
6.07091 -0.00124135 1.73167e-17
6.08651 0.000785363 1.95549e-16
6.10212 0.00255723 -2.21503e-16
6.11773 0.00346405 -1.57074e-16
6.13333 0.00319677 -2.11148e-16
6.14894 0.00185273 3.26548e-16
6.16455 -9.971e-05 1.47397e-16
6.18015 -0.00198441 8.15998e-17
6.19576 -0.00315157 -1.24751e-16
6.21136 -0.00320177 -1.84314e-16
6.22697 -0.00212268 -2.07245e-16
6.24258 -0.000291575 4.17757e-18
6.25818 0.00165647 -1.01454e-16
6.27379 0.00304881 -1.01327e-16
6.2894 0.00340742 5.17707e-18
6.305 0.00261295 -5.63785e-18
6.32061 0.000944354 -1.82824e-16
6.33622 -0.00101904 -6.68411e-17
6.35182 -0.00259868 -1.1441e-16
6.36743 -0.00325131 -1.64365e-16
6.38304 -0.00275577 -3.74158e-16
6.39864 -0.00128796 -4.34657e-16
6.41425 0.00064154 -9.2437e-16
6.42985 0.00236502 -5.42901e-16
6.44546 0.00328864 -6.64128e-16
6.46107 0.00309701 -8.2627e-16
6.47667 0.00186079 -1.14267e-15
6.49228 1.07616e-05 -1.83705e-17
6.50789 -0.00181232 -1.30294e-16
6.52349 -0.00297965 -9.75782e-18
6.5391 -0.00309122 -3.06287e-18
6.55471 -0.00211294 -2.43105e-16
6.57031 -0.000386868 -1.06049e-16
6.58592 0.00148835 -1.64252e-16
6.60153 0.00286503 -5.09575e-17
6.61713 0.00327011 4.2826e-18
6.63274 0.00256767 -2.71051e-17
6.64834 0.00100445 7.52978e-17
6.66395 -0.000876796 1.42112e-16
6.67956 -0.00242578 6.82505e-17
6.69516 -0.00310942 -9.74088e-17
6.71077 -0.00269533 -1.43982e-16
6.72638 -0.0013308 -2.74141e-16
6.74198 0.000509536 9.02598e-18
6.75759 0.00218874 -7.19842e-17
6.7732 0.00312796 -2.01011e-16
6.7888 0.00300595 -3.28459e-16
6.80441 0.00186886 -3.1984e-17
6.82002 0.000112929 7.94178e-17
6.83562 -0.00165362 6.18266e-17
6.85123 -0.00282126 1.8014e-16
6.86684 -0.00298943 4.00667e-16
6.88244 -0.00210401 6.25639e-16
6.89805 -0.000474596 7.83282e-16
6.91365 0.00133365 7.01682e-16
6.92926 0.00269604 1.11592e-15
6.94487 0.00314406 1.05349e-15
6.96047 0.00252651 1.24354e-15
6.97608 0.00106043 1.78313e-15
6.99169 -0.000745156 -3.06829e-17
7.00729 -0.00226597 -2.09014e-17
7.0229 -0.00297835 -1.37572e-16
7.03851 -0.00263951 -4.16713e-16
7.05411 -0.00137034 1.11917e-16
7.06972 0.000387716 4.59607e-16
7.08533 0.00202612 -9.12644e-17
7.10093 0.00297985 -4.15846e-16
7.11654 0.00292226 -1.19642e-16
7.13214 0.00187682 -2.15702e-16
7.14775 0.000207857 -2.95987e-17
7.16336 -0.0015065 -3.34138e-17
7.17896 -0.00267451 1.78704e-16
7.19457 -0.00289514 1.9353e-17
7.21018 -0.00209569 -6.4239e-17
7.22578 -0.000555758 -1.23518e-16
7.24139 0.00119054 -1.17907e-17
7.257 0.00253976 3.1103e-17
7.2726 0.00302763 -4.32868e-17
7.28821 0.00248879 -4.21484e-17
7.30382 0.00111274 -2.05239e-16
7.31942 -0.000622734 5.85096e-17
7.33503 -0.00211751 1.69217e-16
7.35063 -0.0028566 9.37835e-18
7.36624 -0.00258763 -6.44287e-17
7.38185 -0.00140696 -1.47668e-16
7.39745 0.000274733 -5.58491e-17
7.41306 0.0018753 -3.36357e-16
7.42867 0.00284257 -6.24921e-16
7.44427 0.00284485 -9.60305e-16
7.45988 0.0018846 -1.01693e-15
7.47549 0.000296437 -8.40446e-16
7.49109 -0.00136943 -1.06252e-17
7.5067 -0.00253786 4.87301e-16
7.52231 -0.00280731 2.51969e-16
7.53791 -0.00208786 1.52249e-16
7.55352 -0.000631184 1.60625e-16
7.56913 0.00105747 -8.98533e-18
7.58473 0.00239447 -1.48366e-16
7.60034 0.00291949 -2.07557e-16
7.61594 0.00245397 -3.78902e-16
7.63155 0.00116179 -2.55384e-16
7.64716 -0.000508376 -1.0285e-16
7.66276 -0.0019789 3.20792e-16
7.67837 -0.00274294 5.32479e-17
7.69398 -0.00253913 6.18876e-17
7.70958 -0.00144101 -6.9599e-16
7.72519 0.000169459 -1.13455e-15
7.7408 0.00173474 -2.20489e-15
7.7564 0.00271466 -3.8727e-15
7.77201 0.00277285 -6.07633e-15
7.78762 0.00189212 -9.36835e-15
7.80322 0.000379425 -1.49014e-14
7.81883 -0.00124116 -2.33689e-14
7.83443 -0.00240998 -3.49985e-14
7.85004 -0.00272508 -5.01752e-14
7.86565 -0.00208042 -7.00983e-14
7.88125 -0.000701573 -9.49966e-14
7.89686 0.000933185 -1.22197e-13
7.91247 0.00225876 -1.52876e-13
7.92807 0.00281852 -1.83124e-13
7.94368 0.00242161 -2.08715e-13
7.95929 0.00120793 -2.31441e-13
7.97489 -0.000401102 -2.46441e-13
7.9905 -0.00184892 0
8.00611 -0.00263631 -4.03992e-16
8.02171 -0.00249354 1.1514e-15
8.03732 -0.00147277 -4.22283e-16
8.05292 7.09497e-05 -4.67237e-16
8.06853 0.00160314 6.421e-16
8.08414 0.00259491 2.11433e-16
8.09974 0.00270551 7.97905e-17
8.11535 0.00189937 5.81261e-16
8.13096 0.000457464 -8.70208e-17
8.14656 -0.00112063 -3.44424e-16
8.16217 -0.0022898 2.0072e-16
8.17778 -0.00264771 2.73219e-17
8.19338 -0.00207326 3.48164e-17
8.20899 -0.000767515 -7.53927e-17
8.2246 0.000816599 -1.73588e-16
8.2402 0.00213141 8.04173e-18
8.25581 0.00272379 -9.35666e-17
8.27142 0.00239134 -3.39098e-16
8.28702 0.00125145 6.40221e-17
8.30263 -0.000300084 -1.41597e-16
8.31823 -0.00172652 1.07099e-17
8.33384 -0.00253584 -2.87124e-16
8.34945 -0.00245047 -1.2013e-16
8.36505 -0.00150248 -2.90512e-16
8.38066 -2.15973e-05 -4.3959e-16
8.39627 0.00147941 -4.35585e-16
8.41187 0.00248229 -3.0788e-16
8.42748 0.00264221 -6.84619e-16
8.44309 0.00190631 -8.34592e-16
8.45869 0.000531107 -7.96021e-16
8.4743 -0.0010069 -1.04674e-15
8.48991 -0.00217636 -1.14925e-17
8.50551 -0.0025746 -1.47133e-16
8.52112 -0.00206631 -1.72497e-16
8.53672 -0.000829512 -8.38088e-17
8.55233 0.000706801 -3.06192e-16
8.56794 0.0020114 -1.31073e-16
8.58354 0.00263452 -2.7936e-17
8.59915 0.00236286 4.88162e-17
8.61476 0.00129261 1.01644e-17
8.63036 -0.000204608 -1.43494e-16
8.64597 -0.0016108 -7.79948e-18
8.66158 -0.00244078 2.1474e-17
8.67718 -0.00240959 2.21177e-17
8.69279 -0.00153034 -8.95483e-17
8.7084 -0.000108866 -9.65753e-17
8.724 0.00136261 -2.92531e-16
8.73961 0.00237593 9.03954e-18
8.75521 0.00258243 -6.21248e-17
8.77082 0.00191293 -2.75929e-17
8.78643 0.000600829 -2.22532e-16
8.80203 -0.00089922 -2.92735e-17
8.81764 -0.00206888 -3.34612e-17
8.83325 -0.00250522 1.30375e-16
8.84885 -0.00205953 1.11185e-16
8.86446 -0.000887997 3.51498e-16
8.88007 0.00060301 5.25025e-16
8.89567 0.00189788 2.48814e-16
8.91128 0.00255002 1.51089e-15
8.92689 0.00233591 1.43472e-15
8.94249 0.00133165 1.15546e-15
8.9581 -0.000114062 1.9149e-15
8.9737 -0.001501 2.37545e-15
8.98931 -0.00235048 -1.34712e-17
9.00492 -0.00237061 -3.30597e-16
9.02052 -0.00155654 7.80937e-16
9.03613 -0.000191443 -1.17148e-16
9.05174 0.00125196 -1.71954e-16
9.06734 0.00227509 1.71412e-16
9.08295 0.00252573 -1.79544e-16
9.09856 0.00191922 2.72135e-17
9.11416 0.000667044 9.91503e-17
9.12977 -0.000796898 7.70055e-17
9.14538 -0.00196666 -1.11727e-16
9.16098 -0.00243912 -9.23469e-17
9.17659 -0.00205285 -5.03612e-17
9.1922 -0.000943342 -1.35525e-16
9.2078 0.000504554 -1.30809e-16
9.22341 0.00179008 -1.51389e-16
9.23901 0.00246974 1.06252e-17
9.25462 0.00231029 -1.74557e-16
9.27023 0.00136877 2.37115e-16
9.28583 -2.7913e-05 -1.54038e-16
9.30144 -0.00139645 1.38236e-16
9.31705 -0.0022644 3.03848e-17
9.33265 -0.00233329 -6.73832e-17
9.34826 -0.00158123 -1.6469e-16
9.36387 -0.000269837 -3.32796e-16
9.37947 0.00114675 2.82435e-17
9.39508 0.00217914 -4.39767e-16
9.41069 0.00247173 -1.36833e-16
9.42629 0.00192518 -5.43402e-16
9.4419 0.000730112 -5.35325e-16
9.4575 -0.000699354 -8.97394e-16
9.47311 -0.00186912 -8.59627e-16
9.48872 -0.0023759 -1.95698e-17
9.50432 -0.00204624 1.76623e-16
9.51993 -0.000995871 6.41577e-17
9.53554 0.00041085 2.87585e-17
9.55114 0.00168737 -4.70137e-17
9.56675 0.00239317 8.39444e-17
9.58236 0.0022858 1.52927e-16
9.59796 0.00140413 3.91397e-17
9.61357 5.43017e-05 5.09575e-17
9.62918 -0.00129657 1.20292e-16
9.64478 -0.00218205 2.30501e-16
9.66039 -0.00229742 2.67717e-16
9.67599 -0.00160455 1.77267e-17
9.6916 -0.000344489 2.52097e-16
9.70721 0.0010464 -8.21484e-18
9.72281 0.00208751 5.77067e-17
9.73842 0.00242009 1.06811e-16
9.75403 0.0019308 2.26625e-16
9.76963 0.000790348 4.86969e-16
9.78524 -0.000606077 6.71291e-16
9.80085 -0.00177574 7.89502e-16
9.81645 -0.00231524 1.27933e-15
9.83206 -0.00203965 1.53408e-15
9.84767 -0.00104587 2.39636e-15
9.86327 0.000321391 3.15712e-15
9.87888 0.00158918 4.37752e-15
9.89449 0.00231989 5.61149e-15
9.91009 0.00226229 7.4967e-15
9.9257 0.00143791 8.75184e-15
9.9413 0.00013299 1.01855e-14
9.95691 -0.00120087 1.11295e-14
9.97252 -0.00210301 1.21769e-14
9.98812 -0.00226281 -3.33934e-17
10.0037 -0.00162662 -5.03663e-17
10.0193 -0.000415785 -5.44364e-16
10.0349 0.000950368 -3.6848e-16
10.0505 0.00199973 -7.39067e-16
10.0662 0.00237054 3.46325e-16
10.0818 0.0019361 -1.35918e-16
10.0974 0.000848033 8.75764e-17
10.113 -0.000516619 2.78423e-16
10.1286 -0.00168606 -1.04978e-16
10.1442 -0.00225684 -6.75322e-17
10.1598 -0.00203305 3.53992e-17
10.1754 -0.00109357 -1.72361e-16
10.191 0.000235732 -2.01363e-16
10.2066 0.00149502 -1.98301e-16
10.2222 0.00224951 -3.43529e-16
10.2378 0.00223962 2.70475e-17
10.2534 0.00147024 -1.47289e-16
10.269 0.00020851 -1.18178e-16
10.2846 -0.00110889 -1.30945e-16
10.3003 -0.00202692 -9.39732e-17
10.3159 -0.0022293 -2.42102e-16
10.3315 -0.00164755 -1.66425e-16
10.3471 -0.000484065 -2.11257e-16
10.3627 0.000858209 -2.42346e-16
10.3783 0.00191536 -4.78794e-16
10.3939 0.00232282 -5.45842e-16
10.4095 0.00194107 -3.4622e-16
10.4251 0.000903413 -4.18258e-16
10.4407 -0.000430582 -4.65936e-16
10.4563 -0.00159967 -7.78701e-16
10.4719 -0.00220043 -9.83019e-16
10.4875 -0.00202643 -4.02307e-17
10.5031 -0.00113921 -7.66599e-17
10.5187 0.000153481 -8.69395e-17
10.5343 0.00140445 -1.91551e-16
10.55 0.00218172 -2.13019e-16
10.5656 0.00221768 1.58958e-16
10.5812 0.00150124 3.23408e-16
10.5968 0.00028118 1.9147e-16
10.6124 -0.00102025 5.49148e-17
10.628 -0.00195343 -6.04172e-17
10.6436 -0.00219676 -1.74557e-17
10.6592 -0.00166742 2.60371e-16
10.6748 -0.00054963 6.451e-17
10.6904 0.000769512 -1.33289e-17
10.706 0.00183404 -5.92381e-17
10.7216 0.00227671 -6.245e-17
10.7372 0.00194572 3.59413e-17
10.7528 0.000956707 1.40079e-16
10.7684 -0.000347615 1.30701e-16
10.7841 -0.00151623 -1.69678e-17
10.7997 -0.00214577 1.65829e-16
10.8153 -0.00201974 8.24536e-17
10.8309 -0.00118298 2.9371e-16
10.8465 7.42903e-05 1.89559e-16
10.8621 0.0013171 3.02492e-16
10.8777 0.00211621 5.1589e-16
10.8933 0.00219635 6.94106e-16
10.9089 0.00153103 7.67696e-16
10.9245 0.000351284 1.38842e-15
10.9401 -0.00093458 1.46007e-15
10.9557 -0.00188227 1.66712e-15
10.9713 -0.00216504 2.42368e-15
10.9869 -0.00168633 -3.49384e-17
11.0025 -0.000612745 -2.32646e-16
11.0181 0.000683919 2.51305e-16
11.0338 0.00175542 -8.52346e-16
11.0494 0.00223202 -2.2115e-16
11.065 0.00195005 -1.13435e-17
11.0806 0.00100811 9.97195e-17
11.0962 -0.000267403 -1.14573e-16
11.1118 -0.00143542 3.07371e-17
11.1274 -0.00209267 -3.6581e-16
11.143 -0.00201298 -6.15014e-17
11.1586 -0.00122505 -1.23789e-16
11.1742 -2.14976e-06 2.28563e-17
11.1898 0.00123262 -3.60335e-16
11.2054 0.00205273 -1.99873e-16
11.221 0.00217554 5.96853e-17
11.2366 0.00155971 3.88144e-17
11.2522 0.000419076 4.3939e-17
11.2679 -0.000851582 1.48048e-16
11.2835 -0.00181318 -3.16906e-16
11.2991 -0.00213405 1.10047e-17
11.3147 -0.00170435 -1.80604e-16
11.3303 -0.000673649 -1.93828e-16
11.3459 0.000601106 -1.65314e-16
11.3615 0.00167922 -3.19623e-16
11.3771 0.00218858 -2.86609e-16
11.3927 0.00195408 -1.07403e-16
11.4083 0.00105781 -7.67432e-16
11.4239 -0.000189665 -6.14824e-16
11.4395 -0.00135694 -7.96021e-16
11.4551 -0.00204094 -8.29848e-16
11.4707 -0.00200612 -7.65908e-16
11.4863 -0.00126556 -3.54805e-17
11.5019 -7.61164e-05 -1.40777e-16
11.5176 0.0011507 1.92988e-17
11.5332 0.00199104 -1.73045e-16
11.5488 0.00215518 7.6111e-17
11.5644 0.00158737 -1.00668e-16
11.58 0.000484786 8.68209e-17
11.5956 -0.000770969 2.83383e-16
11.6112 -0.00174591 2.48011e-17
11.6268 -0.00210367 1.55041e-17
11.6424 -0.00172153 -1.37368e-16
11.658 -0.000732557 4.28429e-17
11.6736 0.000520784 -2.56549e-17
11.6892 0.00160516 -2.80246e-16
11.7048 0.00214622 -1.11835e-16
11.7204 0.0019578 -3.74863e-16
11.736 0.00110596 3.30804e-16
11.7517 -0.000114145 4.0045e-16
11.7673 -0.00128055 7.57017e-16
11.7829 -0.00199041 1.09564e-15
11.7985 -0.00199914 1.88659e-15
11.8141 -0.00130468 3.19499e-15
11.8297 -0.000147859 4.70114e-15
11.8453 0.00107107 6.88992e-15
11.8609 0.00193095 9.4468e-15
11.8765 0.00213519 1.25636e-14
11.8921 0.0016141 1.60677e-14
11.9077 0.000548619 2.08992e-14
11.9233 -0.000692486 2.42546e-14
11.9389 -0.00168026 2.9114e-14
11.9545 -0.00207381 3.19721e-14
11.9701 -0.00173795 3.28557e-14
11.9857 -0.000789661 -3.9465e-17
12.0014 0.000442692 9.43145e-16
12.017 0.00153301 1.12129e-15
12.0326 0.00210482 1.59479e-16
12.0482 0.00196121 3.34517e-16
12.0638 0.0011527 -9.39678e-16
12.0794 -4.06114e-05 2.49783e-16
12.095 -0.001206 -4.39983e-16
12.1106 -0.00194092 8.76442e-17
12.1262 -0.00199202 1.20048e-16
12.1418 -0.0013425 -1.83433e-16
12.1574 -0.000217604 1.01034e-16
12.173 0.000993477 -8.87826e-17
12.1886 0.00187224 -7.34005e-17
12.2042 0.0021155 -1.8857e-16
12.2198 0.00163997 -1.68363e-16
12.2355 0.000610765 2.19483e-17
12.2511 -0.000615899 1.54228e-17
12.2667 -0.00161603 1.33628e-17
12.2823 -0.00204438 7.73036e-17
12.2979 -0.00175366 -3.8828e-17
12.3135 -0.000845136 1.92249e-16
12.3291 0.000366593 -2.37169e-17
12.3447 0.00146255 -2.08004e-16
12.3603 0.00206424 -2.04155e-16
12.3759 0.00196434 -3.02276e-16
12.3915 0.00119816 -4.42914e-16
12.4071 3.11456e-05 -6.86795e-16
12.4227 -0.00113309 -6.46672e-16
12.4383 -0.00189234 -7.30657e-16
12.4539 -0.00198476 -1.09626e-15
12.4695 -0.00137916 -1.00355e-15
12.4852 -0.000285557 -3.46945e-17
12.5008 0.000917695 -1.84646e-16
12.5164 0.00181476 -2.01662e-17
12.532 0.00209605 2.12775e-17
12.5476 0.00166504 -9.7524e-17
12.5632 0.000671396 -1.88475e-16
12.5788 -0.000540996 1.32065e-16
12.5944 -0.00155304 -9.08561e-17
12.61 -0.00201532 1.72388e-17
12.6256 -0.0017687 1.77728e-16
12.6412 -0.000899142 -1.15711e-16
12.6568 0.00029227 4.65597e-17
12.6724 0.00139357 -3.05745e-17
12.688 0.00202436 3.04966e-16
12.7036 0.00196718 -2.06974e-16
12.7193 0.00124248 -8.28102e-17
12.7349 0.00010132 2.56685e-17
12.7505 -0.00106162 2.33158e-16
12.7661 -0.00184454 8.94873e-17
12.7817 -0.00197732 -4.60786e-18
12.7973 -0.00141476 8.5469e-17
12.8129 -0.000351907 9.79848e-17
12.8285 0.000843515 1.50921e-16
12.8441 0.00175835 2.67418e-16
12.8597 0.00207679 2.46764e-16
12.8753 0.00168939 7.35902e-16
12.8909 0.000730671 1.11995e-15
12.9065 -0.000467582 1.03381e-15
12.9221 -0.00149114 1.49371e-15
12.9377 -0.00198654 1.88692e-15
12.9533 -0.00178312 1.85725e-15
12.969 -0.000951825 2.41631e-15
12.9846 0.000219524 -2.4774e-17
13.0002 0.0013259 4.38861e-16
13.0158 0.00198508 -1.41868e-16
13.0314 0.00196973 1.84477e-16
13.047 0.00128576 3.12284e-16
13.0626 0.000170091 2.38728e-16
13.0782 -0.000991409 3.11654e-16
13.0938 -0.00179739 2.59436e-16
13.1094 -0.00196971 -9.94213e-17
13.125 -0.00144938 2.56532e-16
13.1406 -0.000416826 2.06297e-16
13.1562 0.000770744 4.7339e-16
13.1718 0.00170286 1.6919e-16
13.1874 0.00205767 1.62088e-16
13.2031 0.00171307 2.08113e-16
13.2187 0.000788736 2.6048e-16
13.2343 -0.000395474 1.43115e-17
13.2499 -0.00143017 1.93476e-16
13.2655 -0.00195798 3.09323e-16
13.2811 -0.00179695 2.5476e-16
13.2967 -0.00100332 -2.77556e-17
13.3123 0.000148172 1.5458e-16
13.3279 0.00125935 -6.44558e-17
13.3435 0.0019463 -3.30682e-18
13.3591 0.001972 -1.71954e-16
13.3747 0.0013281 5.04425e-17
13.3903 0.000237624 -2.48405e-16
13.4059 -0.000922287 -5.54332e-16
13.4215 -0.0017508 -5.20797e-16
13.4371 -0.00196189 -5.1234e-16
13.4528 -0.00148313 -7.6153e-16
13.4684 -0.000480475 -1.06341e-15
13.484 0.000699205 -1.36067e-17
13.4996 0.00164815 5.73611e-17
13.5152 0.00203863 -1.72117e-17
13.5308 0.00173614 -1.09152e-16
13.5464 0.00084573 -1.4859e-16
13.562 -0.000324503 -2.38253e-17
13.5776 -0.00136999 -1.16389e-16
13.5932 -0.00192957 2.5739e-16
13.6088 -0.00181025 2.08167e-17
13.6244 -0.00105375 1.46855e-16
13.64 7.80419e-05 1.0037e-16
13.6556 0.00119378 -1.46909e-17
13.6712 0.00190793 -4.0766e-17
13.6869 0.001974 -1.2862e-16
13.7025 0.00136961 -1.79164e-17
13.7181 0.000304074 3.07209e-16
13.7337 -0.000854097 1.00326e-16
13.7493 -0.00170464 3.60579e-16
13.7649 -0.00195387 3.59792e-16
13.7805 -0.00151607 8.39389e-16
13.7961 -0.000543003 7.28421e-16
13.8117 0.000628729 1.24702e-15
13.8273 0.00159409 1.46385e-15
13.8429 0.00201963 2.72352e-15
13.8585 0.00175865 3.47239e-15
13.8741 0.000901778 4.63003e-15
13.8897 -0.00025451 5.86875e-15
13.9053 -0.00131046 6.90823e-15
13.9209 -0.00190125 9.01503e-15
13.9366 -0.00182303 9.72573e-15
13.9522 -0.00110324 1.11409e-14
13.9678 8.97417e-06 1.17903e-14
13.9834 0.00112903 5.63785e-18
13.999 0.00186987 -2.85682e-16
14.0146 0.00197572 2.93968e-16
14.0302 0.00141037 2.19321e-16
14.0458 0.000369588 3.13863e-16
14.0614 -0.000786689 -8.43814e-17
14.077 -0.00165883 6.83725e-17
14.0926 -0.00194562 -5.37683e-16
14.1082 -0.00154829 6.55129e-17
14.1238 -0.000604551 2.00035e-17
14.1394 0.000559161 1.12635e-16
14.155 0.00154057 1.28532e-16
14.1707 0.00200064 5.95498e-17
14.1863 0.00178065 -1.16972e-16
14.2019 0.000957004 -1.90603e-16
14.2175 -0.000185344 -1.61383e-16
14.2331 -0.00125146 -1.90244e-17
14.2487 -0.00187297 -1.4615e-16
14.2643 -0.00183532 -1.38987e-16
14.2799 -0.00115189 -1.21702e-17
14.2955 -5.91821e-05 -8.05562e-17
14.3111 0.00106497 1.278e-16
14.3267 0.00183206 1.42573e-17
14.3423 0.00197717 -1.05547e-16
14.3579 0.00145047 -1.42247e-16
14.3735 0.000434304 -2.07516e-16
14.3891 -0.000719923 -3.86301e-16
14.4047 -0.00161326 -3.58092e-16
14.4204 -0.00193712 -9.78845e-16
14.436 -0.00157986 -4.98462e-16
14.4516 -0.000665252 -5.28874e-16
14.4672 0.000490351 -7.87158e-16
14.4828 0.00148748 2.98223e-17
14.4984 0.0019816 1.92649e-17
14.514 0.00180218 -2.73978e-16
14.5296 0.00101152 -3.33121e-17
14.5452 -0.000116863 -1.16145e-16
14.5608 -0.00119287 -1.41014e-16
14.5764 -0.00184466 1.36245e-17
14.592 -0.00184717 -3.86247e-17
14.6076 -0.0011998 -1.19262e-17
14.6232 -0.00012657 1.79978e-17
14.6388 0.00100145 1.56125e-17
14.6545 0.0017944 -2.60209e-18
14.6701 0.00197836 6.17995e-17
14.6857 0.00148999 -1.11605e-17
14.7013 0.000498354 -1.25551e-16
14.7169 -0.000653662 -3.04119e-16
14.7325 -0.00156786 -4.0495e-17
14.7481 -0.00192838 -1.87269e-16
14.7637 -0.00161084 2.97071e-17
14.7793 -0.00072523 1.50379e-16
14.7949 0.00042216 7.75205e-17
14.8105 0.00143469 8.67362e-19
14.8261 0.00196248 1.14641e-16
14.8417 0.00182328 2.01553e-16
14.8573 0.00106544 1.5271e-16
14.8729 -4.89292e-05 2.30935e-16
14.8885 -0.00113456 6.14526e-16
14.9042 -0.00181627 2.85769e-16
14.9198 -0.00185859 9.14253e-16
14.9354 -0.00124709 1.57396e-15
14.951 -0.000193327 2.19769e-15
14.9666 0.000938359 2.36643e-15
14.9822 0.00175682 5.14183e-17
14.9978 0.00197927 -4.31682e-17
15.0134 0.00152902 -2.49732e-16
15.029 0.000561865 -8.37546e-17
15.0446 -0.000587776 -1.16579e-16
15.0602 -0.00152252 -4.45024e-16
15.0758 -0.00191936 -1.21756e-16
15.0914 -0.00164129 6.14201e-17
15.107 -0.000784607 1.48481e-16
15.1226 0.000354449 -5.96311e-19
15.1383 0.00138212 5.14996e-19
15.1539 0.00194325 1.31229e-16
15.1695 0.00184401 1.20346e-17
15.1851 0.00111886 1.60462e-17
15.2007 1.85907e-05 9.61687e-17
15.2163 -0.00107644 -3.16641e-16
15.2319 -0.00178775 -2.48824e-17
15.2475 -0.0018696 4.44523e-17
15.2631 -0.00129383 2.49041e-16
15.2787 -0.000259583 -1.28207e-17
15.2943 0.000875563 6.64074e-17
15.3099 0.00171925 -1.43409e-16
15.3255 0.00197993 -2.38104e-16
15.3411 0.00156762 -3.65376e-17
15.3567 0.00062496 -2.94252e-16
15.3723 -0.000522138 -2.33212e-16
15.388 -0.00147716 -4.48317e-16
15.4036 -0.00191005 -2.23149e-16
15.4192 -0.00167128 -6.77626e-16
15.4348 -0.000843498 -5.67742e-16
15.4504 0.000287089 -5.37114e-16
15.466 0.00132965 -7.42706e-16
15.4816 0.00192386 3.95734e-17
15.4972 0.00186439 3.06897e-17
15.5128 0.0011719 -5.70317e-16
15.5284 8.58258e-05 -3.38e-17
15.544 -0.00101838 -1.11564e-16
15.5596 -0.00175905 -8.49201e-17
15.5752 -0.00188023 2.14943e-16
15.5908 -0.00134012 2.99673e-16
15.6064 -0.000325469 3.86952e-16
15.622 0.000812943 1.65449e-16
15.6377 0.00168162 1.42789e-16
15.6533 0.00198032 -4.12132e-17
15.6689 0.00160587 -1.28207e-17
15.6845 0.000687759 3.4769e-17
15.7001 -0.000456622 2.25731e-16
15.7157 -0.0014317 9.80661e-16
15.7313 -0.00190044 2.01662e-15
15.7469 -0.00170087 3.51282e-15
15.7625 -0.000902016 5.80699e-15
15.7781 0.000219949 8.98587e-15
15.7937 0.00127719 1.40096e-14
15.8093 0.00190428 2.17716e-14
15.8249 0.00188447 3.26753e-14
15.8405 0.00122464 4.73302e-14
15.8561 0.000152903 6.61415e-14
15.8718 -0.000960273 8.92255e-14
15.8874 -0.00173011 1.15862e-13
15.903 -0.00189051 1.44372e-13
15.9186 -0.00138604 1.72612e-13
15.9342 -0.000391107 1.98715e-13
15.9498 0.000750381 2.2031e-13
15.9654 0.00164385 2.34882e-13
15.981 0.00198045 0
-15.9654 0.00164385 -1.38778e-17
-15.9498 0.000750381 -8.32667e-17
-15.9342 -0.000391107 -5.72459e-17
-15.9186 -0.00138604 5.55112e-17
-15.903 -0.00189051 -2.21177e-16
-15.8874 -0.00173011 -7.63278e-17
-15.8718 -0.000960273 -1.66533e-16
-15.8561 0.000152903 1.94289e-16
-15.8405 0.00122464 -1.09288e-16
-15.8249 0.00188447 -3.46945e-18
-15.8093 0.00190428 2.23779e-16
-15.7937 0.00127719 2.94903e-17
-15.7781 0.000219949 8.41341e-17
-15.7625 -0.000902016 1.9559e-16
-15.7469 -0.00170087 -7.60026e-17
-15.7313 -0.00190044 0
-15.7157 -0.0014317 -8.67362e-18
-15.7001 -0.000456622 -4.96565e-17
-15.6845 0.000687759 4.60244e-17
-15.6689 0.00160587 8.63025e-17
-15.6533 0.00198032 -2.34093e-16
-15.6377 0.00168162 -2.76472e-18
-15.622 0.000812943 -8.21825e-17
-15.6064 -0.000325469 -1.98734e-16
-15.5908 -0.00134012 -3.03902e-16
-15.5752 -0.00188023 -3.87385e-16
-15.5596 -0.00175905 -4.33769e-16
-15.544 -0.00101838 -2.09902e-16
-15.5284 8.58258e-05 -6.28891e-16
-15.5128 0.0011719 -1.05992e-15
-15.4972 0.00186439 -9.7608e-16
-15.4816 0.00192386 6.91179e-19
-15.466 0.00132965 2.25446e-17
-15.4504 0.000287089 1.7003e-16
-15.4348 -0.000843498 -1.32517e-16
-15.4192 -0.00167128 -1.39781e-16
-15.4036 -0.00191005 3.6085e-16
-15.388 -0.00147716 4.75337e-16
-15.3723 -0.000522138 -8.18573e-17
-15.3567 0.00062496 -3.75134e-17
-15.3411 0.00156762 1.33791e-16
-15.3255 0.00197993 7.87537e-17
-15.3099 0.00171925 3.29929e-16
-15.2943 0.000875563 1.03704e-16
-15.2787 -0.000259583 -5.19265e-17
-15.2631 -0.00129383 4.30428e-17
-15.2475 -0.0018696 -3.46945e-18
-15.2319 -0.00178775 -3.90313e-18
-15.2163 -0.00107644 1.53144e-16
-15.2007 1.85907e-05 -4.33681e-19
-15.1851 0.00111886 2.59233e-16
-15.1695 0.00184401 2.2649e-16
-15.1539 0.00194325 3.04742e-16
-15.1383 0.00138212 3.29706e-16
-15.1226 0.000354449 4.32109e-16
-15.107 -0.000784607 4.40566e-16
-15.0914 -0.00164129 9.00105e-16
-15.0758 -0.00191936 8.50814e-16
-15.0602 -0.00152252 1.48116e-15
-15.0446 -0.000587776 1.49783e-15
-15.029 0.000561865 1.55483e-15
-15.0134 0.00152902 1.67465e-15
-14.9978 0.00197927 1.9166e-15
-14.9822 0.00175682 -2.71051e-19
-14.9666 0.000938359 1.36372e-17
-14.951 -0.000193327 1.04558e-16
-14.9354 -0.00124709 2.76309e-16
-14.9198 -0.00185859 5.47278e-16
-14.9042 -0.00181627 -1.41529e-16
-14.8885 -0.00113456 -9.43256e-18
-14.8729 -4.89292e-05 -2.8135e-17
-14.8573 0.00106544 -1.56288e-16
-14.8417 0.00182328 -1.11077e-16
-14.8261 0.00196248 1.00424e-17
-14.8105 0.00143469 1.34143e-16
-14.7949 0.00042216 4.11997e-17
-14.7793 -0.00072523 5.42101e-18
-14.7637 -0.00161084 -1.24466e-16
-14.7481 -0.00192838 -8.01496e-17
-14.7325 -0.00156786 1.51788e-18
-14.7169 -0.000653662 5.12286e-17
-14.7013 0.000498354 -5.96311e-17
-14.6857 0.00148999 -3.03929e-16
-14.6701 0.00197836 -2.05456e-17
-14.6545 0.0017944 -6.77897e-17
-14.6388 0.00100145 -9.23198e-17
-14.6232 -0.00012657 -2.08167e-16
-14.6076 -0.0011998 -1.53523e-16
-14.592 -0.00184717 -2.53676e-16
-14.5764 -0.00184466 -4.74e-16
-14.5608 -0.00119287 -4.62798e-16
-14.5452 -0.000116863 -2.55004e-16
-14.5296 0.00101152 -7.95533e-16
-14.514 0.00180218 -1.26207e-15
-14.4984 0.0019816 -1.11833e-15
-14.4828 0.00148748 -1.6263e-19
-14.4672 0.000490351 -7.63211e-17
-14.4516 -0.000665252 -2.34432e-16
-14.436 -0.00157986 -7.17471e-17
-14.4204 -0.00193712 9.84456e-17
-14.4047 -0.00161326 1.64826e-16
-14.3891 -0.000719923 -1.71683e-16
-14.3735 0.000434304 -5.95227e-17
-14.3579 0.00145047 1.07553e-16
-14.3423 0.00197717 -3.9736e-17
-14.3267 0.00183206 -1.35498e-16
-14.3111 0.00106497 -8.63838e-17
-14.2955 -5.91821e-05 3.32308e-17
-14.2799 -0.00115189 2.34425e-16
-14.2643 -0.00183532 -5.66294e-18
-14.2487 -0.00187297 -2.35543e-17
-14.2331 -0.00125146 9.38546e-17
-14.2175 -0.000185344 3.69957e-16
-14.2019 0.000957004 1.95319e-16
-14.1863 0.00178065 5.4345e-16
-14.1707 0.00200064 8.54731e-16
-14.155 0.00154057 9.50113e-16
-14.1394 0.000559161 1.76024e-15
-14.1238 -0.000604551 2.14569e-15
-14.1082 -0.00154829 3.17663e-15
-14.0926 -0.00194562 4.44301e-15
-14.077 -0.00165883 5.8975e-15
-14.0614 -0.000786689 7.82673e-15
-14.0458 0.000369588 8.31664e-15
-14.0302 0.00141037 1.03729e-14
-14.0146 0.00197572 1.15439e-14
-13.999 0.00186987 1.2794e-14
-13.9834 0.00112903 2.81893e-18
-13.9678 8.97417e-06 2.96253e-16
-13.9522 -0.00110324 -1.57521e-16
-13.9366 -0.00182303 5.20282e-17
-13.9209 -0.00190125 -1.8716e-17
-13.9053 -0.00131046 -8.90909e-17
-13.8897 -0.00025451 5.49013e-17
-13.8741 0.000901778 3.64915e-16
-13.8585 0.00175865 -1.10426e-16
-13.8429 0.00201963 1.09396e-16
-13.8273 0.00159409 -3.998e-18
-13.8117 0.000628729 1.45012e-16
-13.7961 -0.000543003 1.13543e-16
-13.7805 -0.00151607 -1.98138e-17
-13.7649 -0.00195387 2.11419e-17
-13.7493 -0.00170464 -3.07751e-16
-13.7337 -0.000854097 -1.61038e-17
-13.7181 0.000304074 -6.74916e-17
-13.7025 0.00136961 2.89482e-17
-13.6869 0.001974 -1.45093e-16
-13.6712 0.00190793 -1.36772e-16
-13.6556 0.00119378 -1.97108e-16
-13.64 7.80419e-05 -3.83808e-17
-13.6244 -0.00105375 -1.53144e-16
-13.6088 -0.00181025 -1.07526e-16
-13.5932 -0.00192957 -2.22316e-16
-13.5776 -0.00136999 -3.82073e-16
-13.562 -0.000324503 -5.12645e-16
-13.5464 0.00084573 -8.08896e-16
-13.5308 0.00173614 -1.24873e-15
-13.5152 0.00203863 -8.949e-16
-13.4996 0.00164815 -8.78231e-16
-13.484 0.000699205 5.08897e-18
-13.4684 -0.000480475 3.01835e-16
-13.4528 -0.00148313 2.08316e-16
-13.4371 -0.00196189 3.92346e-16
-13.4215 -0.0017508 2.20445e-16
-13.4059 -0.000922287 -2.14537e-17
-13.3903 0.000237624 1.58284e-16
-13.3747 0.0013281 1.90711e-16
-13.3591 0.001972 2.43945e-17
-13.3435 0.0019463 4.94854e-17
-13.3279 0.00125935 1.07228e-16
-13.3123 0.000148172 -1.89193e-17
-13.2967 -0.00100332 -1.82146e-17
-13.2811 -0.00179695 -1.05595e-16
-13.2655 -0.00195798 -1.50487e-16
-13.2499 -0.00143017 -9.82287e-17
-13.2343 -0.000395474 -1.24141e-17
-13.2187 0.000788736 1.08854e-16
-13.2031 0.00171307 4.07118e-17
-13.1874 0.00205767 6.47269e-17
-13.1718 0.00170286 -3.19298e-17
-13.1562 0.000770744 -2.34567e-16
-13.1406 -0.000416826 1.97975e-16
-13.125 -0.00144938 1.70938e-16
-13.1094 -0.00196971 3.18213e-16
-13.0938 -0.00179739 2.94225e-16
-13.0782 -0.000991409 3.87819e-16
-13.0626 0.000170091 9.22737e-16
-13.047 0.00128576 9.44997e-16
-13.0314 0.00196973 1.16224e-15
-13.0158 0.00198508 1.78411e-15
-13.0002 0.0013259 1.824e-15
-12.9846 0.000219524 9.51387e-18
-12.969 -0.000951825 -3.81615e-16
-12.9533 -0.00178312 1.81861e-16
-12.9377 -0.00198654 -1.90115e-16
-12.9221 -0.00149114 -1.11049e-16
-12.9065 -0.000467582 4.95887e-17
-12.8909 0.000730671 -4.79488e-17
-12.8753 0.00168939 -1.21566e-16
-12.8597 0.00207679 1.09233e-16
-12.8441 0.00175835 -8.11525e-17
-12.8285 0.000843515 4.22568e-17
-12.8129 -0.000351907 8.63296e-17
-12.7973 -0.00141476 -1.02796e-17
-12.7817 -0.00197732 -1.3211e-16
-12.7661 -0.00184454 1.47884e-16
-12.7505 -0.00106162 1.11131e-17
-12.7349 0.00010132 -6.28837e-18
-12.7193 0.00124248 -7.79829e-17
-12.7036 0.00196718 9.70361e-18
-12.688 0.00202436 -7.14218e-17
-12.6724 0.00139357 -1.78351e-17
-12.6568 0.00029227 -7.55452e-17
-12.6412 -0.000899142 -9.04496e-17
-12.6256 -0.0017687 -2.778e-16
-12.61 -0.00201532 -2.028e-16
-12.5944 -0.00155304 -5.41396e-16
-12.5788 -0.000540996 -5.52793e-16
-12.5632 0.000671396 -4.62527e-16
-12.5476 0.00166504 -6.82532e-16
-12.532 0.00209605 -8.5755e-16
-12.5164 0.00181476 -7.94205e-16
-12.5008 0.000917695 -1.21975e-15
-12.4852 -0.000285557 1.13028e-17
-12.4695 -0.00137916 -9.59993e-17
-12.4539 -0.00198476 1.58348e-16
-12.4383 -0.00189234 1.80587e-16
-12.4227 -0.00113309 -1.1601e-17
-12.4071 3.11456e-05 -5.7029e-17
-12.3915 0.00119816 -1.86246e-17
-12.3759 0.00196434 4.55636e-17
-12.3603 0.00206424 3.67545e-17
-12.3447 0.00146255 -4.06576e-17
-12.3291 0.000366593 9.75782e-19
-12.3135 -0.000845136 2.82536e-17
-12.2979 -0.00175366 9.02734e-17
-12.2823 -0.00204438 1.12886e-16
-12.2667 -0.00161603 3.30682e-16
-12.2511 -0.000615899 -9.21572e-19
-12.2355 0.000610765 2.8936e-16
-12.2198 0.00163997 6.49708e-16
-12.2042 0.0021155 7.37772e-16
-12.1886 0.00187224 1.37496e-15
-12.173 0.000993477 2.07964e-15
-12.1574 -0.000217604 3.1695e-15
-12.1418 -0.0013425 4.87691e-15
-12.1262 -0.00199202 6.71563e-15
-12.1106 -0.00194092 9.55033e-15
-12.095 -0.001206 1.28849e-14
-12.0794 -4.06114e-05 1.677e-14
-12.0638 0.0011527 2.06945e-14
-12.0482 0.00196121 2.47327e-14
-12.0326 0.00210482 2.76216e-14
-12.017 0.00153301 3.02509e-14
-12.0014 0.000442692 3.34849e-14
-11.9857 -0.000789661 1.21431e-17
-11.9701 -0.00173795 -7.54711e-16
-11.9545 -0.00207381 -8.80918e-16
-11.9389 -0.00168026 2.83715e-16
-11.9233 -0.000692486 -5.53092e-16
-11.9077 0.000548619 7.98081e-16
-11.8921 0.0016141 7.8232e-18
-11.8765 0.00213519 4.70774e-16
-11.8609 0.00193095 -7.35496e-17
-11.8453 0.00107107 1.2715e-16
-11.8297 -0.000147859 1.82132e-16
-11.8141 -0.00130468 2.19456e-16
-11.7985 -0.00199914 1.56762e-16
-11.7829 -0.00199041 3.20924e-17
-11.7673 -0.00128055 -1.70301e-16
-11.7517 -0.000114145 1.16538e-16
-11.736 0.00110596 -1.00221e-17
-11.7204 0.0019578 1.43304e-16
-11.7048 0.00214622 4.60515e-17
-11.6892 0.00160516 1.09504e-17
-11.6736 0.000520784 -1.39591e-18
-11.658 -0.000732557 -1.39476e-16
-11.6424 -0.00172153 -3.8191e-17
-11.6268 -0.00210367 -3.47433e-16
-11.6112 -0.00174591 -1.38534e-16
-11.5956 -0.000770969 -3.52908e-16
-11.58 0.000484786 -3.03018e-16
-11.5644 0.00158737 8.77526e-18
-11.5488 0.00215518 -6.99473e-16
-11.5332 0.00199104 -4.82145e-16
-11.5176 0.0011507 -1.01251e-15
-11.5019 -7.61164e-05 -1.13488e-15
-11.4863 -0.00126556 1.38778e-17
-11.4707 -0.00200612 2.62153e-16
-11.4551 -0.00204094 -2.44759e-17
-11.4395 -0.00135694 -3.97631e-17
-11.4239 -0.000189665 -2.13696e-16
-11.4083 0.00105781 2.52931e-16
-11.3927 0.00195408 -6.86207e-17
-11.3771 0.00218858 -1.17094e-16
-11.3615 0.00167922 2.38524e-17
-11.3459 0.000601106 8.17217e-17
-11.3303 -0.000673649 4.47233e-18
-11.3147 -0.00170435 7.08458e-17
-11.2991 -0.00213405 1.23382e-16
-11.2835 -0.00181318 -1.31243e-16
-11.2679 -0.000851582 1.80737e-16
-11.2522 0.000419076 -4.1202e-16
-11.2366 0.00155971 -2.56143e-17
-11.221 0.00217554 -1.5748e-16
-11.2054 0.00205273 -2.68015e-16
-11.1898 0.00123262 2.72677e-17
-11.1742 -2.14976e-06 1.30721e-16
-11.1586 -0.00122505 1.49701e-16
-11.143 -0.00201298 -6.03901e-17
-11.1274 -0.00209267 3.98553e-16
-11.1118 -0.00143542 8.14236e-17
-11.0962 -0.000267403 4.88162e-16
-11.0806 0.00100811 7.11264e-16
-11.065 0.00195005 6.18131e-16
-11.0494 0.00223202 1.28901e-15
-11.0338 0.00175542 1.74641e-15
-11.0181 0.000683919 2.22409e-15
-11.0025 -0.000612745 2.07761e-15
-10.9869 -0.00168633 2.42319e-17
-10.9713 -0.00216504 7.42441e-17
-10.9557 -0.00188227 -2.20642e-16
-10.9401 -0.00093458 4.50215e-16
-10.9245 0.000351284 3.40026e-16
-10.9089 0.00153103 2.92287e-16
-10.8933 0.00219635 -6.00106e-17
-10.8777 0.00211621 1.04626e-16
-10.8621 0.0013171 3.40982e-17
-10.8465 7.42903e-05 2.84701e-16
-10.8309 -0.00118298 1.03839e-16
-10.8153 -0.00201974 6.53232e-18
-10.7997 -0.00214577 2.03613e-16
-10.7841 -0.00151623 1.98355e-16
-10.7684 -0.000347615 4.25549e-17
-10.7528 0.000956707 -1.13299e-17
-10.7372 0.00194572 -2.3744e-17
-10.7216 0.00227671 8.85251e-17
-10.706 0.00183404 -6.52283e-17
-10.6904 0.000769512 1.79842e-16
-10.6748 -0.00054963 6.9931e-17
-10.6592 -0.00166742 3.7676e-18
-10.6436 -0.00219676 8.90672e-17
-10.628 -0.00195343 -7.86995e-17
-10.6124 -0.00102025 -1.91036e-16
-10.5968 0.00028118 -3.45562e-16
-10.5812 0.00150124 -3.07819e-16
-10.5656 0.00221768 -6.71426e-16
-10.55 0.00218172 -5.95091e-16
-10.5343 0.00140445 -6.38703e-16
-10.5187 0.000153481 -8.99576e-16
-10.5031 -0.00113921 -9.12708e-16
-10.4875 -0.00202643 8.07731e-18
-10.4719 -0.00220043 2.87429e-16
-10.4563 -0.00159967 1.80005e-16
-10.4407 -0.000430582 6.0634e-17
-10.4251 0.000903413 1.37856e-16
-10.4095 0.00194107 3.82181e-18
-10.3939 0.00232282 4.5157e-17
-10.3783 0.00191536 1.18917e-16
-10.3627 0.000858209 -7.15573e-18
-10.3471 -0.000484065 4.65665e-17
-10.3315 -0.00164755 -5.97666e-17
-10.3159 -0.0022293 2.84603e-17
-10.3003 -0.00202692 1.51734e-16
-10.2846 -0.00110889 4.79963e-17
-10.269 0.00020851 -1.40675e-17
-10.2534 0.00147024 -3.95734e-18
-10.2378 0.00223962 1.02278e-16
-10.2222 0.00224951 2.56061e-16
-10.2066 0.00149502 2.3183e-16
-10.191 0.000235732 4.62304e-16
-10.1754 -0.00109357 7.47178e-16
-10.1598 -0.00203305 8.08679e-16
-10.1442 -0.00225684 1.81773e-15
-10.1286 -0.00168606 2.27977e-15
-10.113 -0.000516619 3.33504e-15
-10.0974 0.000848033 4.24807e-15
-10.0818 0.0019361 6.06249e-15
-10.0662 0.00237054 7.24861e-15
-10.0505 0.00199973 9.07044e-15
-10.0349 0.000950368 1.01587e-14
-10.0193 -0.000415785 1.13395e-14
-10.0037 -0.00162662 1.1954e-14
-9.98812 -0.00226281 -1.91904e-17
-9.97252 -0.00210301 -6.91128e-17
-9.95691 -0.00120087 4.55189e-16
-9.9413 0.00013299 5.17259e-16
-9.9257 0.00143791 5.50978e-16
-9.91009 0.00226229 -1.46181e-16
-9.89449 0.00231989 9.92723e-17
-9.87888 0.00158918 -3.78116e-16
-9.86327 0.000321391 -2.99972e-16
-9.84767 -0.00104587 1.66154e-16
-9.83206 -0.00203965 -1.96254e-16
-9.81645 -0.00231524 7.172e-17
-9.80085 -0.00177574 -4.60921e-17
-9.78524 -0.000606077 -1.13584e-16
-9.76963 0.000790348 1.76508e-16
-9.75403 0.0019308 -8.99346e-17
-9.73842 0.00242009 3.19331e-17
-9.72281 0.00208751 7.90112e-17
-9.70721 0.0010464 1.24063e-17
-9.6916 -0.000344489 -1.9128e-16
-9.67599 -0.00160455 -9.47593e-17
-9.66039 -0.00229742 -1.60055e-16
-9.64478 -0.00218205 -1.12486e-16
-9.62918 -0.00129657 -8.77933e-17
-9.61357 5.43017e-05 -8.71699e-17
-9.59796 0.00140413 -1.42789e-16
-9.58236 0.0022858 -6.16911e-17
-9.56675 0.00239317 -6.57331e-16
-9.55114 0.00168737 -7.48872e-16
-9.53554 0.00041085 -7.54767e-16
-9.51993 -0.000995871 -9.95623e-16
-9.50432 -0.00204624 -1.22095e-15
-9.48872 -0.0023759 -4.55839e-17
-9.47311 -0.00186912 -2.88438e-16
-9.4575 -0.000699354 1.8323e-17
-9.4419 0.000730112 2.96394e-16
-9.42629 0.00192518 2.67554e-16
-9.41069 0.00247173 3.78251e-17
-9.39508 0.00217914 9.26764e-17
-9.37947 0.00114675 -9.26993e-18
-9.36387 -0.000269837 2.08709e-17
-9.34826 -0.00158123 -2.53703e-17
-9.33265 -0.00233329 2.74845e-17
-9.31705 -0.0022644 1.12784e-16
-9.30144 -0.00139645 -3.65918e-17
-9.28583 -2.7913e-05 1.52717e-16
-9.27023 0.00136877 -3.25261e-17
-9.25462 0.00231029 2.43945e-18
-9.23901 0.00246974 3.88958e-17
-9.22341 0.00179008 4.34155e-17
-9.2078 0.000504554 -8.39172e-17
-9.1922 -0.000943342 1.83393e-16
-9.17659 -0.00205285 -7.88215e-17
-9.16098 -0.00243912 1.2181e-16
-9.14538 -0.00196666 -8.21012e-17
-9.12977 -0.000796898 3.80175e-16
-9.11416 0.000667044 4.34711e-16
-9.09856 0.00191922 5.93004e-16
-9.08295 0.00252573 7.21591e-16
-9.06734 0.00227509 7.49794e-16
-9.05174 0.00125196 1.09185e-15
-9.03613 -0.000191443 1.95696e-15
-9.02052 -0.00155654 1.66952e-15
-9.00492 -0.00237061 1.9128e-15
-8.98931 -0.00235048 -5.55654e-17
-8.9737 -0.001501 5.13692e-16
-8.9581 -0.000114062 -5.14549e-16
-8.94249 0.00133165 4.03161e-16
-8.92689 0.00233591 4.76317e-16
-8.91128 0.00255002 1.42098e-16
-8.89567 0.00189788 2.21043e-16
-8.88007 0.00060301 2.60263e-16
-8.86446 -0.000887997 -1.87079e-16
-8.84885 -0.00205953 -1.28098e-16
-8.83325 -0.00250522 -1.54553e-16
-8.81764 -0.00206888 1.80703e-16
-8.80203 -0.00089922 3.22821e-17
-8.78643 0.000600829 3.04173e-16
-8.77082 0.00191293 -4.39644e-17
-8.75521 0.00258243 2.44189e-16
-8.73961 0.00237593 8.97177e-18
-8.724 0.00136261 -1.18273e-16
-8.7084 -0.000108866 -2.85226e-16
-8.69279 -0.00153034 -1.82986e-16
-8.67718 -0.00240959 -7.48099e-17
-8.66158 -0.00244078 -1.53208e-16
-8.64597 -0.0016108 4.09286e-17
-8.63036 -0.000204608 1.96837e-16
-8.61476 0.00129261 3.62395e-17
-8.59915 0.00236286 2.12504e-17
-8.58354 0.00263452 -1.5462e-16
-8.56794 0.0020114 -6.75895e-16
-8.55233 0.000706801 -9.6452e-16
-8.53672 -0.000829512 -1.31489e-15
-8.52112 -0.00206631 -1.13196e-15
-8.50551 -0.0025746 -1.024e-15
-8.48991 -0.00217636 -2.72135e-17
-8.4743 -0.0010069 2.41946e-16
-8.45869 0.000531107 9.36209e-17
-8.44309 0.00190631 2.79751e-16
-8.42748 0.00264221 4.19044e-17
-8.41187 0.00248229 -8.04071e-17
-8.39627 0.00147941 -3.15997e-16
-8.38066 -2.15973e-05 -5.36639e-16
-8.36505 -0.00150248 -4.37069e-16
-8.34945 -0.00245047 -4.02076e-16
-8.33384 -0.00253584 -5.15403e-17
-8.31823 -0.00172652 1.42569e-16
-8.30263 -0.000300084 1.71236e-16
-8.28702 0.00125145 1.68329e-16
-8.27142 0.00239134 -5.54312e-16
-8.25581 0.00272379 -1.08481e-15
-8.2402 0.00213141 -2.1961e-15
-8.2246 0.000816599 -3.71152e-15
-8.20899 -0.000767515 -5.90887e-15
-8.19338 -0.00207326 -9.67198e-15
-8.17778 -0.00264771 -1.50469e-14
-8.16217 -0.0022898 -2.3113e-14
-8.14656 -0.00112063 -3.42378e-14
-8.13096 0.000457464 -5.01751e-14
-8.11535 0.00189937 -7.04005e-14
-8.09974 0.00270551 -9.43693e-14
-8.08414 0.00259491 -1.2303e-13
-8.06853 0.00160314 -1.51238e-13
-8.05292 7.09497e-05 -1.80807e-13
-8.03732 -0.00147277 -2.09535e-13
-8.02171 -0.00249354 -2.31078e-13
-8.00611 -0.00263631 -2.45957e-13
-7.9905 -0.00184892 0
-7.97489 -0.000401102 4.1787e-16
-7.95929 0.00120793 -1.20691e-15
-7.94368 0.00242161 3.63303e-16
-7.92807 0.00281852 1.02235e-15
-7.91247 0.00225876 -5.84854e-16
-7.89686 0.000933185 1.35512e-16
-7.88125 -0.000701573 8.6743e-17
-7.86565 -0.00208042 -6.36772e-16
-7.85004 -0.00272508 1.46001e-16
-7.83443 -0.00240998 4.76263e-16
-7.81883 -0.00124116 5.25499e-17
-7.80322 0.000379425 -2.38524e-17
-7.78762 0.00189212 -1.44104e-16
-7.77201 0.00277285 9.88115e-17
-7.7564 0.00271466 -1.58829e-16
-7.7408 0.00173474 -2.36542e-17
-7.72519 0.000169459 1.62956e-16
-7.70958 -0.00144101 6.46456e-18
-7.69398 -0.00253913 -2.49421e-16
-7.67837 -0.00274294 -2.5804e-17
-7.66276 -0.0019789 2.80232e-17
-7.64716 -0.000508376 -1.5187e-16
-7.63155 0.00116179 -6.46184e-17
-7.61594 0.00245397 -1.04354e-16
-7.60034 0.00291949 -1.55583e-17
-7.58473 0.00239447 -1.9e-16
-7.56913 0.00105747 -7.19687e-16
-7.55352 -0.000631184 -3.98499e-16
-7.53791 -0.00208786 -7.92687e-16
-7.52231 -0.00280731 -1.04235e-15
-7.5067 -0.00253786 -1.13483e-15
-7.49109 -0.00136943 4.22839e-18
-7.47549 0.000296437 1.44131e-17
-7.45988 0.0018846 1.94669e-16
-7.44427 0.00284485 9.11272e-17
-7.42867 0.00284257 -2.01485e-16
-7.41306 0.0018753 2.92023e-16
-7.39745 0.000274733 1.89558e-17
-7.38185 -0.00140696 2.5411e-16
-7.36624 -0.00258763 1.41217e-17
-7.35063 -0.0028566 1.82092e-16
-7.33503 -0.00211751 4.11116e-17
-7.31942 -0.000622734 2.47855e-16
-7.30382 0.00111274 -7.62194e-17
-7.28821 0.00248879 5.94211e-17
-7.2726 0.00302763 3.98444e-18
-7.257 0.00253976 -3.92346e-17
-7.24139 0.00119054 -1.67374e-17
-7.22578 -0.000555758 -1.12107e-16
-7.21018 -0.00209569 -3.44234e-17
-7.19457 -0.00289514 -1.9185e-16
-7.17896 -0.00267451 9.19403e-17
-7.16336 -0.0015065 -8.3348e-18
-7.14775 0.000207857 -5.69206e-18
-7.13214 0.00187682 9.55724e-17
-7.11654 0.00292226 3.17129e-16
-7.10093 0.00297985 4.78079e-16
-7.08533 0.00202612 5.84205e-16
-7.06972 0.000387716 1.05157e-15
-7.05411 -0.00137034 1.20617e-15
-7.03851 -0.00263951 1.78462e-15
-7.0229 -0.00297835 2.18249e-15
-7.00729 -0.00226597 2.36697e-15
-6.99169 -0.000745156 2.1169e-17
-6.97608 0.00106043 1.59246e-16
-6.96047 0.00252651 2.31884e-17
-6.94487 0.00314406 3.1328e-16
-6.92926 0.00269604 -3.75188e-16
-6.91365 0.00133365 -2.12639e-16
-6.89805 -0.000474596 2.66714e-17
-6.88244 -0.00210401 4.05275e-16
-6.86684 -0.00298943 -8.08273e-17
-6.85123 -0.00282126 -3.54805e-17
-6.83562 -0.00165362 5.86553e-17
-6.82002 0.000112929 1.0346e-16
-6.80441 0.00186886 -8.58146e-17
-6.7888 0.00300595 1.94072e-16
-6.7732 0.00312796 1.50162e-17
-6.75759 0.00218874 5.94278e-18
-6.74198 0.000509536 -3.38271e-17
-6.72638 -0.0013308 -2.44271e-16
-6.71077 -0.00269533 1.90928e-16
-6.69516 -0.00310942 -8.86335e-18
-6.67956 -0.00242578 -5.81132e-17
-6.66395 -0.000876796 -3.20571e-16
-6.64834 0.00100445 -1.26797e-16
-6.63274 0.00256767 -2.98481e-16
-6.61713 0.00327011 -1.38615e-16
-6.60153 0.00286503 -2.30827e-16
-6.58592 0.00148835 -3.10964e-16
-6.57031 -0.000386868 -5.75393e-16
-6.55471 -0.00211294 -6.31873e-16
-6.5391 -0.00309122 -1.2084e-15
-6.52349 -0.00297965 -1.00983e-15
-6.50789 -0.00181232 -1.05968e-15
-6.49228 1.07616e-05 3.52908e-17
-6.47667 0.00186079 8.79356e-17
-6.46107 0.00309701 -2.90837e-17
-6.44546 0.00328864 -8.55164e-17
-6.42985 0.00236502 6.73967e-17
-6.41425 0.00064154 2.76715e-16
-6.39864 -0.00128796 9.37835e-18
-6.38304 -0.00275577 1.02891e-16
-6.36743 -0.00325131 1.40946e-17
-6.35182 -0.00259868 2.92192e-17
-6.33622 -0.00101904 5.75169e-17
-6.32061 0.000944354 3.92617e-16
-6.305 0.00261295 1.16823e-16
-6.2894 0.00340742 2.15885e-16
-6.27379 0.00304881 4.57874e-18
-6.25818 0.00165647 2.93548e-17
-6.24258 -0.000291575 5.76965e-17
-6.22697 -0.00212268 1.9063e-16
-6.21136 -0.00320177 4.05437e-16
-6.19576 -0.00315157 4.13684e-16
-6.18015 -0.00198441 8.08503e-16
-6.16455 -9.971e-05 1.01186e-15
-6.14894 0.00185273 1.67546e-15
-6.13333 0.00319677 2.5334e-15
-6.11773 0.00346405 3.20699e-15
-6.10212 0.00255723 4.58504e-15
-6.08651 0.000785363 5.89935e-15
-6.07091 -0.00124135 7.6242e-15
-6.0553 -0.00282167 8.63171e-15
-6.03969 -0.00340585 1.04702e-14
-6.02409 -0.00278683 1.12197e-14
-6.00848 -0.00117354 1.24011e-14
-5.99287 0.000879584 4.98733e-17
-5.97727 0.00266318 -3.46787e-16
-5.96166 0.00355799 1.89871e-17
-5.94605 0.00324993 4.37299e-16
-5.93045 0.00184026 -4.6519e-17
-5.91484 -0.000187509 2.50048e-16
-5.89924 -0.00213342 9.17642e-17
-5.88363 -0.00332262 2.7883e-16
-5.86802 -0.00333932 -7.37257e-18
-5.85242 -0.00217209 2.5289e-17
-5.83681 -0.000219762 -2.11284e-17
-5.8212 0.00184487 2.69804e-16
-5.8056 0.00330688 1.52059e-17
-5.78999 0.0036568 4.19315e-17
-5.77438 0.00276812 -1.18286e-16
-5.75878 0.000943002 -2.57444e-16
-5.74317 -0.00119041 -5.10151e-17
-5.72756 -0.00289406 -2.12341e-16
-5.71196 -0.00357527 -1.2837e-16
-5.69635 -0.00299283 -2.16054e-16
-5.68075 -0.00134233 2.76201e-17
-5.66514 0.000809509 4.52112e-17
-5.64953 0.00271943 2.67798e-17
-5.63393 0.00372432 -1.2387e-16
-5.61832 0.00347152 -1.71006e-16
-5.60271 0.00204248 -5.39055e-16
-5.58711 -7.31897e-05 -5.63731e-16
-5.5715 -0.00214547 -3.69855e-16
-5.55589 -0.0034557 -5.47712e-16
-5.54029 -0.00354573 -1.03536e-15
-5.52468 -0.00237806 -8.19847e-16
-5.50907 -0.000350937 -9.89633e-16
-5.49347 0.00183744 5.56128e-17
-5.47786 0.00342942 5.40949e-17
-5.46226 0.00387019 2.31599e-16
-5.44665 0.00300115 -1.71277e-16
-5.43104 0.00111692 -9.71174e-17
-5.41544 -0.00113444 3.18891e-17
-5.39983 -0.00297423 -2.93666e-18
-5.38422 -0.00376235 1.01915e-16
-5.36862 -0.00321993 -6.94431e-17
-5.35301 -0.00152789 1.87838e-17
-5.3374 0.000733381 -2.9165e-17
-5.3218 0.00278306 2.37386e-16
-5.30619 0.00390956 4.71628e-17
-5.29058 0.00371751 -9.20894e-18
-5.27498 0.00226659 -2.55465e-17
-5.25937 5.32113e-05 -1.58294e-17
-5.24376 -0.00215919 -5.38306e-17
-5.22816 -0.0036034 -3.56919e-16
-5.21255 -0.00377434 9.57893e-17
-5.19695 -0.00260568 -8.75493e-17
-5.18134 -0.000495124 2.28225e-17
-5.16573 0.00183084 2.83681e-16
-5.15013 0.00356705 4.91144e-17
-5.13452 0.00410838 1.9086e-16
-5.11891 0.00326064 2.33754e-16
-5.10331 0.00131021 5.41857e-16
-5.0877 -0.00107262 1.10285e-15
-5.07209 -0.00306384 7.88947e-16
-5.05649 -0.0039706 1.22449e-15
-5.04088 -0.00347219 8.77635e-16
-5.02527 -0.00173328 2.17858e-15
-5.00967 0.00065032 2.08259e-15
-4.99406 0.00285589 4.96294e-17
-4.97846 0.0041177 -6.69834e-18
-4.96285 0.0039929 1.68038e-16
-4.94724 0.00251693 -1.61058e-16
-4.93164 0.000193984 1.9269e-16
-4.91603 -0.00217509 -4.64106e-16
-4.90042 -0.00376878 -3.31793e-16
-4.88482 -0.00402963 1.27638e-16
-4.86921 -0.00285915 5.80048e-18
-4.8536 -0.000654648 -2.72135e-17
-4.838 0.0018256 9.96111e-17
-4.82239 0.0037232 1.15169e-16
-4.80678 0.00437668 3.2831e-17
-4.79118 0.00355211 -2.0486e-16
-4.77557 0.00152677 -8.07189e-17
-4.75997 -0.00100391 -7.49726e-17
-4.74436 -0.00316502 -4.09828e-17
-4.72875 -0.0042045 1.04221e-16
-4.71315 -0.00375473 1.77267e-17
-4.69754 -0.00196238 -1.7928e-16
-4.68193 0.000559291 5.58364e-18
-4.66633 0.00294027 4.18739e-17
-4.65072 0.00435396 -1.38751e-16
-4.63511 0.00430412 -1.73337e-16
-4.61951 0.00279909 -1.20021e-16
-4.6039 0.000352034 -1.97054e-16
-4.58829 -0.00219386 -4.39602e-16
-4.57269 -0.00395579 -3.04695e-16
-4.55708 -0.0043173 -6.40845e-16
-4.54148 -0.00314382 -9.43364e-16
-4.52587 -0.000832407 -1.11803e-15
-4.51026 0.00182257 -1.07989e-15
-4.49466 0.00390241 3.174e-17
-4.47905 0.00468203 2.63414e-16
-4.46344 0.00388268 -2.9165e-16
-4.44784 0.00177163 8.89656e-17
-4.43223 -0.000927034 7.17742e-17
-4.41662 -0.00328058 2.11419e-18
-4.40102 -0.00446984 -1.2655e-16
-4.38541 -0.00407419 2.43918e-16
-4.3698 -0.0022201 1.09206e-16
-4.3542 0.000459081 3.40548e-16
-4.33859 0.00303947 1.74014e-16
-4.32298 0.00462522 1.26977e-16
-4.30738 0.00465958 -1.36881e-18
-4.29177 0.00312031 -8.55232e-17
-4.27617 0.000531099 -2.60751e-17
-4.26056 -0.00221645 4.79759e-17
-4.24495 -0.00416964 2.86568e-16
-4.22935 -0.00464485 2.9203e-16
-4.21374 -0.00346662 7.07144e-16
-4.19813 -0.00103205 1.35027e-15
-4.18253 0.00182298 2.17e-15
-4.16692 0.0041108 3.20063e-15
-4.15131 0.00503364 4.85337e-15
-4.13571 0.00426179 6.77347e-15
-4.1201 0.00205137 9.22425e-15
-4.10449 -0.000840366 1.31654e-14
-4.08889 -0.00341427 1.62329e-14
-4.07328 -0.0047743 2.06459e-14
-4.05768 -0.00443926 2.4386e-14
-4.04207 -0.00251279 2.82112e-14
-4.02646 0.000348287 3.14614e-14
-4.01086 0.00315796 3.34147e-14
-3.99525 0.00494077 3.9465e-17
-3.97964 0.00507054 -3.95628e-16
-3.96404 0.00349024 7.89303e-16
-3.94843 0.000736076 -2.91718e-17
-3.93282 -0.00224423 2.57322e-16
-3.91722 -0.0044173 -3.10407e-16
-3.90161 -0.00502221 1.29654e-16
-3.886 -0.00383665 -1.1625e-15
-3.8704 -0.00125824 3.98431e-16
-3.85479 0.00182878 1.16579e-16
-3.83919 0.00435679 -3.01395e-16
-3.82358 0.00544402 9.88657e-17
-3.80797 0.0047021 1.02254e-16
-3.79237 0.00237476 1.18991e-16
-3.77676 -0.000741849 -1.31758e-16
-3.76115 -0.00357127 -2.55099e-16
-3.74555 -0.00512823 -1.57819e-17
-3.72994 -0.00486152 1.93666e-16
-3.71433 -0.0028488 4.35036e-17
-3.69873 0.000225332 1.25225e-16
-3.68312 0.00330215 1.06116e-17
-3.66751 0.00531345 1.25029e-16
-3.65191 0.0055524 -1.01346e-16
-3.6363 0.00392194 7.82252e-17
-3.62069 0.000973497 -2.05565e-16
-3.60509 -0.00227921 -6.41848e-17
-3.58948 -0.00470837 -4.66766e-16
-3.57388 -0.00546286 -1.76352e-16
-3.55827 -0.00426609 -7.87402e-16
-3.54266 -0.00151697 -5.29836e-16
-3.52706 0.00184304 -6.50657e-16
-3.51145 0.00465229 -9.25922e-16
-3.49584 0.00593055 2.9924e-17
-3.48024 0.00522109 -5.36748e-17
-3.46463 0.00275377 2.83898e-16
-3.44902 -0.000628833 1.30565e-16
-3.43342 -0.00375885 1.50541e-16
-3.41781 -0.00554595 -2.4259e-18
-3.4022 -0.00535684 -9.90868e-17
-3.3866 -0.00323926 6.85216e-17
-3.37099 8.85534e-05 -6.39679e-18
-3.35539 0.00348147 2.16759e-16
-3.33978 0.00576148 -3.98173e-17
-3.32417 0.00612675 2.60364e-16
-3.30857 0.00443357 6.76542e-17
-3.29296 0.00125227 -2.67662e-18
-3.27735 -0.00232444 -1.11564e-16
-3.26175 -0.00505639 3.99215e-17
-3.24614 -0.00598558 -2.81079e-17
-3.23053 -0.00477168 6.87926e-17
-3.21493 -0.00181604 2.06676e-17
-3.19932 0.00187081 9.99092e-17
-3.18371 0.00501471 -1.70084e-18
-3.16811 0.00651818 -1.04111e-16
-3.1525 0.00584353 -1.84314e-16
-3.1369 0.00320514 2.70888e-16
-3.12129 -0.000497876 2.91867e-16
-3.10568 -0.00398759 5.3771e-16
-3.09008 -0.00604779 6.88441e-16
-3.07447 -0.00594741 1.02557e-15
-3.05886 -0.00369939 1.04073e-15
-3.04326 -6.35279e-05 1.51786e-15
-3.02765 0.00371027 1.89151e-15
-3.01204 0.00631167 1.93579e-15
-2.99644 0.0068249 4.71628e-18
-2.98083 0.00505112 4.05902e-16
-2.96522 0.00158484 1.1441e-16
-2.94962 -0.00238471 -1.54499e-17
-2.93401 -0.00548109 -2.73185e-16
-2.9184 -0.00661731 -7.26551e-17
-2.9028 -0.0053769 -3.78929e-17
-2.88719 -0.00216571 1.79341e-16
-2.87159 0.00192062 7.55689e-17
-2.85598 0.00547048 -9.17133e-17
-2.84037 0.0072439 -1.94858e-16
-2.82477 0.00660573 1.12567e-16
-2.80916 0.00375303 4.06576e-18
-2.79355 -0.0003445 -2.02637e-16
-2.77795 -0.00427347 8.23452e-17
-2.76234 -0.00666369 -1.03812e-16
-2.74673 -0.00666534 4.33681e-19
-2.73113 -0.00425039 -4.52925e-16
-2.71552 -0.00023148 1.77484e-16
-2.69991 0.00401145 8.90943e-17
-2.68431 0.00700498 6.59195e-17
-2.6687 0.00769388 5.13641e-17
-2.6531 0.00581313 2.2714e-17
-2.63749 0.00198914 -1.43928e-16
-2.62188 -0.00246795 -1.32706e-16
-2.60628 -0.00601237 -2.30149e-16
-2.59067 -0.00739803 -6.10962e-16
-2.57506 -0.00611578 -5.47393e-16
-2.55946 -0.00257936 -4.13569e-16
-2.54385 0.00200768 -5.61779e-16
-2.52824 0.00606154 -7.58494e-16
-2.51264 0.00816504 -1.0916e-15
-2.49703 0.00756306 -1.02999e-18
-2.48142 0.00443356 -1.54058e-16
-2.46582 -0.000162912 7.70055e-17
-2.45021 -0.00464172 -2.73083e-16
-2.43461 -0.00743942 -2.95608e-16
-2.419 -0.00755861 -8.19386e-17
-2.40339 -0.00492244 -6.86842e-17
-2.38779 -0.000413052 -4.16334e-17
-2.37218 0.00442348 1.04517e-16
-2.35657 0.00790718 -8.3863e-17
-2.34097 0.0088078 8.73596e-17
-2.32536 0.00677925 5.68664e-17
-2.30975 0.00249183 -1.76725e-17
-2.29415 -0.00258792 1.63464e-16
-2.27854 -0.00669769 1.81143e-16
-2.26293 -0.00838965 1.79435e-17
-2.24733 -0.00703923 9.38208e-17
-2.23172 -0.00307408 1.28559e-16
-2.21611 0.00216062 4.66912e-16
-2.20051 0.00685848 5.01552e-16
-2.1849 0.00937523 8.48551e-16
-2.1693 0.00880428 1.04796e-15
-2.15369 0.00530324 1.81275e-15
-2.13808 5.40767e-05 2.43696e-15
-2.12248 -0.00513445 3.28201e-15
-2.10687 -0.00844859 4.11092e-15
-2.09126 -0.00870214 6.18403e-15
-2.07566 -0.00575941 7.6598e-15
-2.06005 -0.000598029 8.17532e-15
-2.04444 0.00501555 9.5722e-15
-2.02884 0.00913064 1.09367e-14
-2.01323 0.0102902 1.17703e-14
-1.99762 0.00804675 1.86483e-17
-1.98202 0.00313417 3.051e-16
-1.96641 -0.00277033 2.02244e-16
-1.95081 -0.00761692 -2.87449e-17
-1.9352 -0.00969293 3.88022e-16
-1.91959 -0.00822612 9.13085e-16
-1.90399 -0.0036694 -3.85041e-16
-1.88838 0.0024377 -3.26616e-17
-1.87277 0.00798899 8.37275e-17
-1.85717 0.011038 -2.73165e-16
-1.84156 0.0104808 7.14354e-17
-1.82595 0.00645524 -2.59829e-16
-1.81035 0.000314132 6.00919e-17
-1.79474 -0.00582717 7.49455e-18
-1.77913 -0.00981694 -2.87314e-16
-1.76353 -0.0102186 -7.24789e-17
-1.74792 -0.00682508 -3.07337e-17
-1.73232 -0.000753284 4.17418e-17
-1.71671 0.00592349 4.22917e-17
-1.7011 0.0108832 -5.8574e-17
-1.6855 0.0123628 6.34258e-17
-1.66989 0.00978522 1.16552e-18
-1.65428 0.00398279 1.82851e-16
-1.63868 -0.00306751 -3.34964e-16
-1.62307 -0.00891464 -1.54824e-16
-1.60746 -0.0114823 -2.2096e-16
-1.59186 -0.0098029 -2.93927e-16
-1.57625 -0.00437776 -6.57223e-16
-1.56064 0.0029699 -5.05699e-16
-1.54504 0.00970741 -5.78693e-16
-1.52943 0.0134657 -1.16292e-15
-1.51383 0.0128727 -7.75882e-16
-1.49822 0.00805404 3.80623e-17
-1.48261 0.00062009 4.41941e-16
-1.46701 -0.00686798 -5.97395e-17
-1.4514 -0.0117761 9.33227e-17
-1.43579 -0.0123195 -4.93583e-17
-1.42019 -0.00820668 1.13557e-16
-1.40458 -0.00077417 4.36027e-17
-1.38897 0.00744698 3.48652e-16
-1.37337 0.013593 -7.65447e-17
-1.35776 0.0154653 1.65449e-16
-1.34215 0.0123173 2.35489e-16
-1.32655 0.00515009 3.82398e-16
-1.31094 -0.00359887 7.24247e-17
-1.29533 -0.0108785 2.47747e-16
-1.27973 -0.0140818 -8.65193e-17
-1.26412 -0.011973 -2.04914e-17
-1.24852 -0.00515525 -4.25549e-17
-1.23291 0.00409601 -3.13605e-17
-1.2173 0.0125924 4.70544e-17
-1.2017 0.0173313 -8.72783e-17
-1.18609 0.016558 -8.59772e-17
-1.17048 0.0104158 -7.1991e-17
-1.15488 0.000945366 4.33274e-17
-1.13927 -0.00858399 1.6816e-16
-1.12366 -0.0147936 3.54805e-16
-1.10806 -0.0153837 -8.34836e-17
-1.09245 -0.00997501 2.85796e-16
-1.07684 -0.000295843 6.98199e-16
-1.06124 0.0103676 8.85631e-16
-1.04563 0.0182873 7.93772e-16
-1.03003 0.0205974 1.48212e-15
-1.01442 0.0163331 1.48996e-15
-0.998812 0.00682967 4.3612e-17
-0.983206 -0.00467998 -4.29578e-16
-0.967599 -0.0141503 3.8561e-16
-0.951993 -0.0181301 5.22965e-16
-0.936387 -0.0150048 -1.33059e-16
-0.92078 -0.0056289 -4.34291e-16
-0.905174 0.00689576 -6.80771e-16
-0.889567 0.0182449 -2.74249e-16
-0.873961 0.0243664 1.27665e-16
-0.858354 0.02293 -2.63407e-16
-0.842748 0.0142177 -2.97424e-16
-0.827142 0.00111792 -1.48739e-16
-0.811535 -0.0118071 5.54027e-17
-0.795929 -0.0198851 -1.60896e-16
-0.780322 -0.0199964 -2.55546e-16
-0.764716 -0.0117484 -4.87295e-16
-0.749109 0.00227627 -3.21466e-17
-0.733503 0.0173231 -2.28333e-16
-0.717896 0.0280799 -5.97395e-17
-0.70229 0.0305579 -6.83318e-17
-0.686684 0.0235813 -5.84927e-17
-0.671077 0.00933401 8.86098e-17
-0.655471 -0.00727472 1.3768e-16
-0.639864 -0.0202539 7.14489e-17
-0.624258 -0.0246415 1.30755e-16
-0.608651 -0.0183465 -3.2255e-16
-0.593045 -0.00304635 -2.77582e-16
-0.577438 0.0162324 -6.03921e-16
-0.561832 0.0327693 -5.69206e-16
-0.546226 0.0405087 -4.87945e-16
-0.530619 0.0363068 -7.75638e-16
-0.515013 0.0212454 -1.03674e-15
-0.499406 0.000478441 4.4886e-17
-0.4838 -0.0184215 2.8873e-16
-0.468193 -0.0281065 9.19132e-17
-0.452587 -0.0241798 -1.80384e-16
-0.43698 -0.0070079 -1.8464e-16
-0.421374 0.0181155 -7.6897e-17
-0.405768 0.0426367 -3.74592e-17
-0.390161 0.0577618 3.54317e-16
-0.374555 0.0578194 3.22008e-17
-0.358948 0.042761 9.21572e-17
-0.343342 0.0188445 -4.86807e-17
-0.327735 -0.00280642 3.02913e-16
-0.312129 -0.00921527 2.28523e-16
-0.296522 0.0111757 3.43116e-16
-0.280916 0.0666601 -2.33971e-16
-0.26531 0.163304 7.51352e-17
-0.249703 0.309469 4.51895e-16
-0.234097 0.523142 4.14599e-16
-0.21849 0.840045 1.17874e-15
-0.202884 1.31953 1.57513e-15
-0.187277 2.0451 2.44943e-15
-0.171671 3.11716 3.77216e-15
-0.156064 4.6374 5.55805e-15
-0.140458 6.68638 7.58421e-15
-0.124852 9.29827 1.07414e-14
-0.109245 12.4383 1.2287e-14
-0.0936387 15.9884 1.5387e-14
-0.0780322 19.7469 1.48093e-14
-0.0624258 23.4432 2.06779e-14
-0.0468193 26.7678 2.35775e-14
-0.0312129 29.4132 2.82135e-14
-0.0156064 31.118 3.01981e-14
