0 36843.8 0
0.0156683 -8517.13 3383.68
0.0313365 -7877.98 -2142.82
0.0470048 3157.71 2780.37
0.062673 -209.136 6779.93
0.0783413 1751.9 572.391
0.0940095 1939.28 -4245.63
0.109678 -1156.25 441.356
0.125346 -937.232 4380.52
0.141014 -2371.17 -1971.79
0.156683 4061.95 -147.756
0.172351 522.374 3846.98
0.188019 -5817.89 -2764.48
0.203687 4790.3 590.557
0.219356 1955.32 3543.07
0.235024 -4356.74 -3114.57
0.250692 2039.7 -1283.16
0.26636 -748.797 2475.12
0.282029 -1745.1 2847.45
0.297697 2783.65 -920.696
0.313365 1488.98 -3229.68
0.329033 -1440.9 2790.77
0.344702 -3347.82 -356.766
0.36037 1860.95 -1389.49
0.376038 3041.85 5063.06
0.391706 -3137.66 -2702.46
0.407375 550.918 -3049.23
0.423043 1729.97 4633.95
0.438711 -2573.58 -506.11
0.454379 992.075 -1490.04
0.470048 1769.13 445.531
0.485716 -2234.13 559.745
0.501384 -940.607 1579.87
0.517052 2762.19 -1844.97
0.532721 743.527 902.842
0.548389 -2976.04 623.897
0.564057 241.247 -3138.62
0.579725 1599.34 4026.54
0.595394 -1073.11 1251.2
0.611062 748.78 -4462.15
0.62673 788.411 1998.43
0.642398 -1744.16 1084.44
0.658067 -549.439 -994.264
0.673735 1919.87 974.112
0.689403 692.209 -440.343
0.705071 -2556.84 153.18
0.72074 461.368 -419.141
0.736408 2143.17 734.082
0.752076 -1930 1553.4
0.767744 344.194 -2846.9
0.783413 1164.46 478.808
0.799081 -2032.6 2838.42
0.814749 776.228 -2026.82
0.830417 1313.41 -80.6295
0.846086 -762.966 1225.92
0.861754 -779.263 -1087.55
0.877422 -118.857 393.914
0.89309 1668.73 900.516
0.908759 -746.372 -255.324
0.924427 -1206.55 -953.552
0.940095 1843.05 378.474
0.955763 -1144.44 1636.56
0.971432 -399.242 -965.477
0.9871 2172.16 -880.661
1.00277 -1643.68 1249.35
1.01844 -775.628 -198.929
1.0341 1292.59 -316.746
1.04977 -34.6894 997.725
1.06544 55.5574 -236.874
1.08111 -628.827 -1038.25
1.09678 344.039 716.993
1.11245 338.46 1000.28
1.12811 -1044.78 -923.593
1.14378 1221.15 -202.126
1.15945 -46.8014 963.924
1.17512 -1439.73 -304.153
1.19079 1514.7 -246.991
1.20646 112.097 376.436
1.22212 -1178.78 -47.3173
1.23779 475.038 -197.111
1.25346 152.712 326.089
1.26913 119.614 745.98
1.2848 0.0333437 -730.601
1.30047 -78.4291 -647.096
1.31613 107.725 1200.04
1.3318 -700.888 -103.81
1.34747 487.604 -429.781
1.36314 790.942 721.298
1.37881 -956.386 -395.621
1.39447 -2.21314 -221.194
1.41014 636.129 485.822
1.42581 -441.534 45.3334
1.44148 -82.8794 -43.0825
1.45715 299.215 -281.289
1.47282 -91.5169 519.563
1.48848 -120.752 326.108
1.50415 265.194 -841.429
1.51982 149.316 389.205
1.53549 -508.25 367.501
1.55116 -104.208 -472.182
1.56683 578.002 572.958
1.58249 13.601 92.4017
1.59816 -346.516 -523.584
1.61383 141.32 169.482
1.6295 68.9864 253.277
1.64517 -288.365 192.15
1.66083 249.771 -244.577
1.6765 256.787 -58.3476
1.69217 -447.273 472.826
1.70784 42.0642 -267.395
1.72351 428.008 -60.5866
1.73918 -189.735 390.971
1.75484 -242.217 -323.434
1.77051 91.0872 39.0357
1.78618 188.426 493.091
1.80185 -26.7556 -128.207
1.81752 -53.7501 -283.856
1.83319 172.043 105.765
1.84885 -242.338 274.754
1.86452 -152.771 -28.6317
1.88019 491.299 -82.9706
1.89586 -108.486 215.036
1.91153 -330.258 -48.0676
1.9272 281.302 -125.046
1.94286 93.0738 283.374
1.95853 -170.205 4.4601
1.9742 -17.0726 -266.99
1.98987 63.232 215.186
2.00554 -2.42271 335.129
2.0212 -20.8728 -204.439
2.03687 238.566 -154.121
2.05254 -44.093 205.681
2.06821 -373.187 0.904906
2.08388 185.885 -15.0837
2.09955 269.617 252.308
2.11521 -208.384 -15.7136
2.13088 2.13549 -203.546
2.14655 164.978 108.786
2.16222 -138.007 217.292
2.17789 -69.6548 -113.797
2.19356 171.71 -91.9286
2.20922 -32.6718 275.292
2.22489 -133.357 62.8767
2.24056 189.93 -197.441
2.25623 136.977 129.778
2.2719 -246.435 55.2924
2.28756 -94.8741 -152.398
2.30323 202.519 232.367
2.3189 21.3265 181.302
2.33457 -71.7772 -210.419
2.35024 134.984 -61.6806
2.36591 -25.1983 180.31
2.38157 -208.429 37.7107
2.39724 152.055 -61.7239
2.41291 155.415 98.5516
2.42858 -197.286 115.23
2.44425 32.2912 -117.155
2.45992 185.281 20.4773
2.47558 -99.8209 185.013
2.49125 -96.7867 -141.858
2.50692 91.9618 -26.6164
2.52259 30.226 289.172
2.53826 -49.8691 -48.1476
2.55393 73.6411 -133.682
2.56959 101.396 128.951
2.58526 -145.659 38.0938
2.60093 -72.0964 -37.8685
2.6166 216.241 80.0619
2.63227 -42.3396 98.6212
2.64793 -136.192 -30.2889
2.6636 186.844 -70.3221
2.67927 -3.92408 163.696
2.69494 -137.513 47.5639
2.71061 109.482 -162.759
2.72628 16.4831 142.985
2.74194 -80.5041 128.098
2.75761 25.0148 -125.833
2.77328 85.1638 61.1306
2.78895 45.9194 102.544
2.80462 -131.994 -75.0684
2.82029 44.1103 -17.6448
2.83595 122.042 132.001
2.85162 -184.516 58.9335
2.86729 73.5413 -68.8498
2.88296 181.228 56.8748
2.89863 -167.483 92.9954
2.9143 18.4018 -91.5376
2.92996 89.8512 -9.20694
2.94563 -91.3539 165.808
2.9613 -2.25338 8.7883
2.97697 43.4823 -71.5254
2.99264 101.138 129.55
3.0083 -38.172 36.6738
3.02397 -106.227 -164.295
3.03964 162.841 99.719
3.05531 -105.384 154.454
3.07098 -111.171 -69.7331
3.08665 269.96 50.4318
3.10231 -25.0383 70.6873
3.11798 -126.13 -59.9444
3.13365 79.4399 -66.2929
3.14932 -31.5885 98.1428
3.16499 -48.4663 176.128
3.18066 31.6714 -94.6405
3.19632 133.226 -35.8343
3.21199 8.363 192.621
3.22766 -176.546 -166.186
3.24333 122.181 -42.9989
3.259 28.8412 267.399
3.27466 -191.522 -75.2883
3.29033 163.268 -21.1872
3.306 131.451 130.513
3.32167 -129.356 -55.2097
3.33734 -28.193 -67.2879
3.35301 64.9266 -7.66558
3.36867 -63.3067 213.847
3.38434 -62.9313 38.1635
3.40001 212.451 -185.454
3.41568 58.4181 191.069
3.43135 -237.405 -39.9925
3.44702 76.9151 -193.166
3.46268 97.7006 295.678
3.47835 -128.505 42.5583
3.49402 51.127 -166.696
3.50969 134.159 121.127
3.52536 -35.9549 51.3762
3.54103 -118.203 -54.8969
3.55669 98.4695 -69.5423
3.57236 70.1189 154.942
3.58803 -230.467 120.799
3.6037 159.039 -186.297
3.61937 218.507 135.399
3.63503 -272.932 77.9939
3.6507 22.4678 -249.849
3.66637 133.991 182.776
3.68204 -122.288 193.38
3.69771 27.8776 -164.682
3.71338 104.371 -23.0247
3.72904 6.54837 132.157
3.74471 -143.833 11.0839
3.76038 23.7977 -123.325
3.77605 232.659 133.943
3.79172 -229.201 114.825
3.80739 -47.8019 -219.487
3.82305 300.377 128.293
3.83872 -198.794 183.646
3.85439 -42.7198 -234.29
3.87006 212.825 22.5844
3.88573 -136.683 192.204
3.9014 -61.274 -38.3046
3.91706 127.247 -85.224
3.93273 61.7108 99.078
3.9484 -121.224 98.8414
3.96407 -69.6053 -188.368
3.97974 252.277 93.7658
3.9954 -100.47 209.282
4.01107 -159.948 -274.622
4.02674 262.873 36.8202
4.04241 -95.2569 276.542
4.05808 -129.818 -153.372
4.07375 252.639 -41.2554
4.08941 -16.4093 115.683
4.10508 -176.09 -3.14987
4.12075 46.1193 -53.856
4.13642 152.616 52.8424
4.15209 -73.2805 183.242
4.16776 -102.333 -173.656
4.18342 218.193 -65.5442
4.19909 -46.0158 321.327
4.21476 -189.726 -193.716
4.23043 214.901 -108.192
4.2461 -11.0811 310.087
4.26176 -179.127 -84.6181
4.27743 152.593 -76.5776
4.2931 134.175 114.044
4.30877 -135.103 -21.0002
4.32444 -104.353 -63.5347
4.34011 155.745 20.4725
4.35577 2.41693 228.339
4.37144 -135.549 -65.5261
4.38711 235.49 -203.833
4.40278 -3.12921 251.979
4.41845 -259.152 -25.362
4.43412 169.897 -176.592
4.44978 67.7931 257.79
4.46545 -137.25 15.9787
4.48112 54.7154 -147.57
4.49679 105.73 89.7218
4.51246 -10.2752 60.6783
4.52813 -152.989 -81.6855
4.54379 87.7727 -53.5652
4.55946 94.4022 205.592
4.57513 -200.244 37.4342
4.5908 191.297 -195.68
4.60647 138.197 127.658
4.62213 -284.11 37.6823
4.6378 73.0655 -152.024
4.65347 115.834 158.624
4.66914 -97.2168 123.255
4.68481 47.7492 -131.478
4.70048 58.8097 -37.0914
4.71614 22.8085 126.117
4.73181 -117.083 -11.1609
4.74748 14.4323 -112.536
4.76315 168.775 154.99
4.77882 -170.503 74.6055
4.79449 25.0862 -151.882
4.81015 235.75 98.0695
4.82582 -184.798 57.9414
4.84149 -41.5113 -127.194
4.85716 129.347 65.807
4.87283 -77.6324 127.453
4.8885 12.888 1.85874
4.90416 73.0848 -103.775
4.91983 29.6966 55.6726
4.9355 -85.9958 83.3689
4.95117 -52.4219 -133.667
4.96684 163.66 97.6419
4.9825 -63.5741 131.846
4.99817 -71.9057 -167.993
5.01384 169.107 60.3462
5.02951 -50.5979 95.8227
5.04518 -85.1977 -87.9
5.06085 103.893 16.7679
5.07651 -10.5516 50.4805
5.09218 -58.3733 60.609
5.10785 49.766 -44.3628
5.12352 86.354 -24.106
5.13919 -49.8535 119.62
5.15486 -70.669 -96.3945
5.17052 98.1222 -4.45427
5.18619 1.70488 180.626
5.20186 -68.7049 -106.084
5.21753 93.8206 -29.3347
5.2332 11.5909 119.923
5.24886 -67.042 -37.9298
5.26453 37.6507 -0.754136
5.2802 65.1568 22.8928
5.29587 -53.9933 32.4552
5.31154 -50.361 16.1876
5.32721 99.7247 -38.6552
5.34287 10.3254 110.332
5.35854 -69.5426 -27.121
5.37421 76.0966 -99.8887
5.38988 -6.08739 140.664
5.40555 -67.5592 9.48182
5.42122 54.1372 -58.6485
5.43688 37.5472 80.4775
5.45255 -20.6237 3.61928
5.46822 -29.8232 -31.252
5.48389 42.3623 8.92567
5.49956 40.5173 28.1395
5.51523 -89.4061 20.0921
5.53089 45.2521 -39.9817
5.54656 71.1191 72.1909
5.56223 -66.457 47.6701
5.5779 56.966 -95.1276
5.59357 33.3443 33.3203
5.60923 -75.4372 61.455
5.6249 6.09936 -28.6167
5.64057 48.5717 34.7362
5.65624 27.8594 47.0434
5.67191 -19.0276 -22.6552
5.68758 -8.34556 -30.6338
5.70324 65.2983 37.1484
5.71891 -65.3638 49.8631
5.73458 -22.855 -43.3339
5.75025 96.5596 37.5778
5.76592 -41.1401 67.5563
5.78159 1.39885 -50.9472
5.79725 74.6761 -19.1482
5.81292 -39.0075 38.3918
5.82859 -47.0051 12.6106
5.84426 14.3688 10.7035
5.85993 56.2027 50.2107
5.87559 18.7503 27.3233
5.89126 -39.3105 -78.4622
5.90693 48.9269 -7.43743
5.9226 -20.4446 89.2896
5.93827 -63.3048 -22.9893
5.95394 98.0352 -7.0524
5.9696 15.2034 71.9902
5.98527 -43.4536 -15.4588
6.00094 54.5871 -29.77
6.01661 18.8696 24.7985
6.03228 -40.9679 29.0552
6.04795 -28.5356 -10.805
6.06361 45.2492 23.7258
6.07928 36.8158 91.8044
6.09495 -27.7469 -49.8518
6.11062 51.3536 -72.584
6.12629 -8.38663 72.1749
6.14196 -96.4131 21.0954
6.15762 55.7469 -12.0287
6.17329 73.0725 61.5832
6.18896 -27.7907 1.27612
6.20463 -6.96198 -51.4602
6.2203 31.8904 8.98658
6.23596 -13.0319 52.5402
6.25163 -41.0816 -1.66003
6.2673 35.2873 -30.117
6.28297 51.5425 77.6839
6.29864 -42.7155 16.0582
6.31431 43.9452 -86.2272
6.32997 46.5783 36.2813
6.34564 -88.9375 42.9569
6.36131 -5.02692 -27.1113
6.37698 79.4166 51.7356
6.39265 16.9691 38.236
6.40832 -25.5635 -45.6025
6.42398 24.0086 -41.0085
6.43965 7.22224 70.5787
6.45532 -45.4952 42.4123
6.47099 26.6395 -51.5433
6.48666 71.9529 31.5575
6.50233 -46.6297 51.3075
6.51799 -21.9261 -58.9858
6.53366 83.1834 23.4592
6.54933 -27.3518 47.3791
6.565 -40.2268 -38.2274
6.58067 44.5825 3.15536
6.59633 19.8214 62.1056
6.612 -21.6742 10.4353
6.62767 27.2587 -59.6688
6.64334 38.3624 23.3992
6.65901 -43.723 58.1447
6.67468 -14.0065 -43.3311
6.69034 81.1045 12.5904
6.70601 -9.92405 67.9369
6.72168 -51.3902 -38.1435
6.73735 61.0553 -9.26439
6.75302 24.2973 64.4206
6.76869 -39.7182 -17.6967
6.78435 15.7843 -31.5541
6.80002 27.2191 37.1845
6.81569 -29.5614 50.5816
6.83136 7.10347 -23.111
6.84703 69.3214 -15.2139
6.86269 -10.3596 45.9646
6.87836 -52.474 -24.9983
6.89403 45.6928 -19.5757
6.9097 24.8643 81.3724
6.92537 -38.1201 -0.622209
6.94104 33.2922 -45.0155
6.9567 45.7664 48.9655
6.97237 -31.2884 14.9659
6.98804 -3.37006 -34.1124
7.00371 39.3756 11.4779
7.01938 -11.3287 49.2
7.03505 -25.8449 9.84635
7.05071 61.0984 -16.3365
7.06638 28.449 39.1688
7.08205 -45.0448 -3.28496
7.09772 2.84926 -44.3549
7.11339 30.8017 51.9304
7.12906 -32.9304 52.7644
7.14472 14.4163 -46.6857
7.16039 58.5202 15.8608
7.17606 -17.6276 30.5432
7.19173 -24.429 -28.9517
7.2074 28.8485 -11.727
7.22306 20.5287 42.5811
7.23873 -37.055 20.0527
7.2544 29.262 -16.0993
7.27007 55.557 19.0931
7.28574 -15.7659 33.8548
7.30141 -19.2619 -54.8505
7.31707 44.4615 3.56111
7.33274 -30.4224 78.1266
7.34841 -10.8326 -17.5787
7.36408 63.2327 0.477441
7.37975 23.7875 36.4419
7.39542 -30.4299 -14.334
7.41108 -0.0185505 -28.4871
7.42675 31.4709 36.8411
7.44242 -27.0989 41.244
7.45809 -5.53959 -4.02756
7.47376 63.5163 -5.36352
7.48943 6.96265 43.4505
7.50509 -33.5032 -31.8759
7.52076 30.5391 -28.4284
7.53643 -6.5746 63.9455
7.5521 -24.8365 21.4173
7.56777 35.5973 -13.2023
7.58343 43.4496 32.0435
7.5991 -14.5407 2.00829
7.61477 -20.7216 -39.3275
7.63044 23.549 13.6608
7.64611 -8.02435 56.7986
7.66178 -25.4816 8.61493
7.67744 53.9813 -28.4518
7.69311 37.5696 34.34
7.70878 -51.8541 3.69063
7.72445 19.3558 -42.8761
7.74012 21.0214 40.3304
7.75579 -28.5161 42.0833
7.77145 6.43521 -24.3431
7.78712 46.6957 14.2795
7.80279 4.93363 31.6907
7.81846 -25.466 -25.8577
7.83413 7.84538 -16.6328
7.84979 22.7846 38.9305
7.86546 -45.5458 27.1577
7.88113 24.5977 -26.8552
7.8968 63.6395 16.8138
7.91247 -35.0059 26.8439
7.92814 -14.9545 -49.9606
7.9438 37.3742 4.65609
7.95947 -12.6548 65.3772
7.97514 -9.59324 -23.5437
7.99081 38.9864 -17.5117
8.00648 17.7495 31.1767
8.02215 -19.7673 9.92216
8.03781 3.54586 -35.4316
8.05348 51.4841 24.2415
8.06915 -28.6869 35.3659
8.08482 -24.9695 -28.2191
8.10049 70.3534 6.23411
8.11616 -1.26882 46.2559
8.13182 -24.8675 -26.9793
8.14749 43.8477 -24.1134
8.16316 2.05586 45.0489
8.17883 -22.577 24.3914
8.1945 26.0155 -31.7547
8.21016 35.2656 19.716
8.22583 -16.7596 33.7376
8.2415 -18.3885 -31.7621
8.25717 51.08 15.9586
8.27284 13.9729 40.8999
8.28851 -49.0825 -27.2062
8.30417 37.9263 -19.8444
8.31984 18.2659 56.6001
8.33551 -29.3404 11.9002
8.35118 42.0658 -32.1398
8.36685 33.0328 9.86172
8.38252 -36.6112 31.5581
8.39818 -3.45281 -24.4282
8.41385 42.1094 10.8369
8.42952 8.44702 54.0817
8.44519 -23.2649 -20.6558
8.46086 29.3238 -18.6848
8.47653 27.8834 52.7513
8.49219 -31.0017 -3.96765
8.50786 10.7953 -38.1085
8.52353 24.2934 41.0708
8.5392 -31.7231 34.0644
8.55487 11.6316 -14.8365
8.57053 65.8566 0.922765
8.5862 -21.1542 12.599
8.60187 -35.1009 -12.3105
8.61754 20.7369 -16.3577
8.63321 17.1316 57.9805
8.64888 -11.3665 13.2193
8.66454 29.9601 -45.2899
8.68021 29.7733 26.7094
8.69588 -22.3176 16.7749
8.71155 -11.091 -40.7761
8.72722 43.752 24.4009
8.74289 -13.1987 42.5797
8.75855 -17.0029 -5.97753
8.77422 61.2418 -1.92703
8.78989 22.071 19.9651
8.80556 -42.7143 -13.5653
8.82123 5.33974 -27.1957
8.83689 13.7665 46.8984
8.85256 -11.8348 47.0245
8.86823 26.5276 -30.846
8.8839 46.5092 -5.6692
8.89957 -21.9261 20.8789
8.91524 -28.5054 -25.1337
8.9309 21.804 6.19416
8.94657 16.0653 50.3629
8.96224 -17.1823 -3.63141
8.97791 30.3047 -19.0566
8.99358 33.779 19.876
9.00925 -22.1204 0.918373
9.02491 -10.245 -27.5331
9.04058 30.7808 16.3776
9.05625 -25.9702 41.2698
9.07192 12.8563 -0.552399
9.08759 55.6825 -16.2384
9.10326 8.81886 17.9756
9.11892 -29.9506 -19.7566
9.13459 2.17817 -10.3199
9.15026 16.2926 49.2094
9.16593 4.5228 19.5267
9.1816 15.4551 -25.4709
9.19726 36.7582 8.32888
9.21293 -14.6672 12.4862
9.2286 -13.0906 -13.7836
9.24427 28.9705 3.32983
9.25994 -0.187929 32.2678
9.27561 -11.3394 5.56039
9.29127 34.2027 -4.32461
9.30694 26.462 19.1217
9.32261 -16.0905 -2.88131
9.33828 -3.31712 -24.4988
9.35395 10.695 22.9823
9.36962 -6.25758 35.5215
9.38528 14.4025 -13.9093
9.40095 32.0762 -0.272369
9.41662 5.86899 14.6954
9.43229 -16.9327 -13.1056
9.44796 15.7812 -0.921664
9.46362 15.1497 23.9727
9.47929 -9.2736 11.4518
9.49496 18.3054 -5.90002
9.51063 23.2948 18.1982
9.5263 -0.714223 9.99224
9.54197 0.132315 -10.9933
9.55763 8.96379 -3.43045
9.5733 -0.733386 28.9537
9.58897 -6.69753 3.43674
9.60464 26.6386 1.1663
9.62031 16.7848 12.5911
9.63598 -5.36118 -1.56067
9.65164 3.26253 -6.81988
9.66731 13.4246 13.0657
9.68298 -3.85562 16.1936
9.69865 3.16601 1.84021
9.71432 15.1847 -0.871894
9.72999 3.02585 15.7531
9.74565 0.893748 -0.434654
9.76132 16.5506 -3.18817
9.77699 10.7673 0.613368
9.79266 -12.3873 1.67348
9.80833 4.43264 -0.421497
9.82399 15.3882 23.1547
9.83966 21.3002 12.6444
9.85533 11.3105 -11.4158
9.871 9.62522 -9.09474
9.88667 -1.65528 7.98986
9.90234 -8.35143 19.7781
9.918 12.6504 12.7741
9.93367 20.1699 6.22068
9.94934 7.8559 9.2351
9.96501 1.45306 -10.2752
9.98068 8.55181 9.08032
9.99635 -0.234672 5.47321
10.012 -3.05908 -3.61093
10.0277 0.0946703 12.7282
10.0434 12.2774 19.8292
10.059 18.6434 5.14404
10.0747 12.1239 -12.5284
10.0904 7.28612 -13.2311
10.106 -21.0963 8.59716
10.1217 -4.12127 11.8432
10.1374 18.753 14.494
10.153 26.4915 11.464
10.1687 9.90939 -17.3108
10.1844 7.28797 -9.22605
10.2 -0.717923 5.06496
10.2157 1.74657 10.5418
10.2314 4.27184 8.65949
10.247 15.1409 9.25203
10.2627 17.8917 18.9629
10.2784 8.96518 -6.41652
10.294 17.6549 -10.6337
10.3097 -3.17682 1.15045
10.3254 -18.2633 11.2888
10.341 7.57245 13.9362
10.3567 24.5608 19.8663
10.3724 14.9419 5.16315
10.3881 13.9556 -24.4082
10.4037 1.55847 -1.49443
10.4194 -4.31435 14.089
10.4351 -7.67362 9.64938
10.4507 15.488 10.979
10.4664 23.0831 8.48606
10.4821 3.23959 8.77156
10.4977 13.7133 -18.145
10.5134 16.7688 1.347
10.5291 -15.5245 7.59471
10.5447 -6.8381 5.74288
10.5604 17.7952 19.7295
10.5761 20.6767 19.8286
10.5917 18.8402 -8.37557
10.6074 8.10088 -21.0032
10.6231 -2.8517 4.18646
10.6387 -16.4395 22.4294
10.6544 11.4646 8.26839
10.6701 26.7378 21.9887
10.6857 8.00113 1.08698
10.7014 -5.01924 -16.6743
10.7171 20.7885 5.29105
10.7328 -9.04448 9.17192
10.7484 -4.46179 0.0586451
10.7641 10.9655 2.21533
10.7798 11.2811 21.6427
10.7954 10.2077 11.0871
10.8111 20.5922 -20.9488
10.8268 7.03665 -1.22618
10.8424 -14.5613 7.77074
10.8581 -4.67817 -0.898946
10.8738 24.663 23.23
10.8894 17.3573 14.4502
10.9051 4.29506 -14.3205
10.9208 14.9992 -8.77684
10.9364 3.21524 15.7143
10.9521 -7.27443 7.37202
10.9678 14.9575 0.0215088
10.9834 12.6456 13.1789
10.9991 0.188049 14.9239
11.0148 13.5314 2.1781
11.0305 15.2279 -1.34466
11.0461 3.78485 7.66891
11.0618 -16.383 -3.56341
11.0775 7.80343 5.76707
11.0931 11.1444 32.5816
11.1088 4.6206 -6.13584
11.1245 14.5853 -8.05018
11.1401 5.36628 7.86433
11.1558 -10.5567 2.00911
11.1715 5.73371 2.68238
11.1871 16.4109 2.88967
11.2028 -6.32654 11.1305
11.2185 1.77577 2.21869
11.2341 19.6587 -1.41588
11.2498 8.82744 13.7529
11.2655 -1.45735 -10.8537
11.2811 4.55112 -13.9075
11.2968 3.24513 18.624
11.3125 -0.161162 12.8585
11.3281 12.333 -0.962107
11.3438 25.4619 8.86871
11.3595 4.91126 1.10685
11.3752 -5.5666 -11.9507
11.3908 9.33175 1.75938
11.4065 -6.13184 17.8899
11.4222 -3.73189 13.1159
11.4378 23.3368 1.28294
11.4535 19.871 2.69966
11.4692 -4.20862 -3.95309
11.4848 1.43258 -16.7759
11.5005 -2.88396 9.80439
11.5162 -1.66925 22.9258
11.5318 5.34223 -2.21217
11.5475 22.0428 1.73088
11.5632 15.214 6.09024
11.5788 -4.76158 -17.7095
11.5945 5.10704 -9.9365
11.6102 0.250471 7.57331
11.6258 -6.75562 17.4051
11.6415 23.7045 6.87545
11.6572 26.4181 2.0024
11.6728 9.1099 -4.20935
11.6885 -3.37859 -16.7004
11.7042 3.03367 2.7237
11.7199 -2.6151 21.2041
11.7355 8.72382 10.0325
11.7512 21.6684 0.405389
11.7669 17.0567 8.05198
11.7825 0.250546 -8.43475
11.7982 1.86505 -6.2187
11.8139 5.34208 10.333
11.8295 -5.29685 7.19165
11.8452 4.5683 7.08515
11.8609 18.978 10.5854
11.8765 13.5654 -1.5661
11.8922 6.25985 -8.0328
11.9079 6.24842 -13.4306
11.9235 -5.40281 11.5301
11.9392 -3.81045 13.4642
11.9549 17.8473 3.38033
11.9705 19.4183 8.26643
11.9862 10.0222 -1.26535
12.0019 3.87515 -16.9728
12.0176 7.21256 6.25066
12.0332 -2.63402 7.55422
12.0489 1.38136 5.69822
12.0646 14.3119 8.51424
12.0802 15.6712 9.48118
12.0959 13.4959 -2.41149
12.1116 8.4168 -10.5039
12.1272 1.84148 -2.76801
12.1429 -9.25508 12.2626
12.1586 4.60661 11.1353
12.1742 21.1213 9.39234
12.1899 15.2358 8.9223
12.2056 6.18031 -15.5159
12.2212 3.61738 -4.73467
12.2369 -1.20606 9.16208
12.2526 -0.376559 3.54383
12.2682 6.30796 8.41396
12.2839 17.4041 5.82264
12.2996 11.4348 4.62444
12.3152 8.1217 -5.23958
12.3309 13.4041 -10.8686
12.3466 -4.75024 6.60711
12.3623 -5.70159 6.98107
12.3779 15.5684 8.98924
12.3936 17.7519 15.9123
12.4093 13.7695 -5.27559
12.4249 7.10819 -8.62174
12.4406 0.880669 2.77302
12.4563 -1.72868 5.83767
12.4719 3.4867 9.77337
12.4876 12.8484 5.74155
12.5033 13.0838 7.55486
12.5189 2.2447 2.89895
12.5346 13.9963 -9.09203
12.5503 8.541 5.62527
12.5659 -10.5295 0.604416
12.5816 7.2313 1.75568
12.5973 7.31384 20.3049
12.6129 8.46588 6.34376
12.6286 14.4437 -5.2302
12.6443 6.41916 -4.80465
12.6599 -1.80644 -1.40142
12.6756 -4.66323 4.09564
12.6913 2.26286 3.30253
12.707 15.0466 7.09437
12.7226 3.6855 6.1393
12.7383 15.6917 -8.38597
12.754 13.6264 -1.91762
12.7696 -3.10797 -3.90904
12.7853 2.44375 -3.87485
12.801 4.28221 8.4438
12.8166 10.8221 13.4829
12.8323 15.5782 5.56961
12.848 15.5664 -4.86023
12.8636 15.8705 -6.25613
12.8793 -7.59903 3.68687
12.895 -2.35928 -4.17626
12.9106 8.20609 15.9091
12.9263 9.35271 17.337
12.942 13.7183 -2.52058
12.9576 21.7366 -4.96727
12.9733 2.19739 -2.50742
12.989 -4.9634 -3.98283
13.0047 3.04996 4.58282
13.0203 -0.254433 18.3753
13.036 15.8289 12.4886
13.0517 16.8932 -0.832769
13.0673 18.3118 -6.38477
13.083 -0.846738 -4.12834
13.0987 -11.9096 0.248142
13.1143 2.4865 9.7343
13.13 5.05495 19.3956
13.1457 10.4586 -0.161753
13.1613 26.0191 -3.83245
13.177 10.0306 -2.39164
13.1927 -0.960139 -0.831586
13.2083 -8.55293 2.14746
13.224 -2.62663 10.1447
13.2397 2.92833 18.2505
13.2553 15.4068 -1.90613
13.271 23.7195 -5.23407
13.2867 9.8093 -3.92587
13.3023 -12.9067 -7.47805
13.318 -3.35549 2.81236
13.3337 2.56155 19.9492
13.3494 11.7509 10.0632
13.365 15.4518 2.46535
13.3807 13.0113 -3.04902
13.3964 -5.16785 -10.2286
13.412 -4.76613 -8.18062
13.4277 -1.69912 2.0188
13.4434 2.32075 18.2548
13.459 9.77161 7.28221
13.4747 21.0137 -8.88118
13.4904 16.0792 -6.3278
13.506 -4.04795 -8.68064
13.5217 -3.88841 -4.02246
13.5374 1.32707 15.2852
13.553 5.72693 7.39536
13.5687 16.2529 1.93595
13.5844 16.2804 -0.120348
13.6 7.04712 -6.69484
13.6157 -1.94938 -6.68328
13.6314 -1.00853 -6.0359
13.647 5.43767 10.0077
13.6627 2.30163 12.2682
13.6784 20.1771 -0.491502
13.6941 19.1832 -2.31244
13.7097 3.6486 -5.94132
13.7254 1.64131 -9.60163
13.7411 0.873827 10.3163
13.7567 1.33041 8.39674
13.7724 10.8191 4.35883
13.7881 15.4442 3.62583
13.8037 9.36105 0.751226
13.8194 4.46104 -7.08284
13.8351 6.53112 -7.05804
13.8507 0.31394 5.4835
13.8664 -2.07149 8.77892
13.8821 5.29371 4.32747
13.8977 20.4557 2.87717
13.9134 10.8038 -2.36606
13.9291 5.93578 -8.59541
13.9447 2.47047 -6.50548
13.9604 -2.62677 6.27205
13.9761 5.67918 6.00573
13.9918 9.83594 5.79838
14.0074 16.0312 0.879673
14.0231 10.8687 -1.2737
14.0388 5.93141 -8.17843
14.0544 6.09297 -3.91786
14.0701 -2.91453 3.47018
14.0858 2.43997 2.50429
14.1014 16.2678 9.89083
14.1171 14.2127 8.13737
14.1328 13.4636 -6.60266
14.1484 6.70568 -10.5198
14.1641 2.3005 -2.7118
14.1798 -5.25779 8.51402
14.1954 4.88317 8.49418
14.2111 16.5828 4.52456
14.2268 16.237 5.86092
14.2424 7.98675 -8.3434
14.2581 7.51538 -10.392
14.2738 0.0623697 1.75608
14.2894 -2.5629 4.49352
14.3051 11.4733 8.63045
14.3208 12.3134 8.26227
14.3365 17.7895 0.860777
14.3521 11.0441 -5.9025
14.3678 8.34228 -5.94667
14.3835 -3.66113 3.78039
14.3991 -0.209562 5.90064
14.4148 9.48143 13.7839
14.4305 9.96982 12.0461
14.4461 13.2129 -3.84889
14.4618 12.1867 -2.46114
14.4775 -0.0457866 -6.48828
14.4931 -6.9941 -1.93008
14.5088 -4.25103 8.34917
14.5245 9.65389 11.7617
14.5401 11.1023 9.23862
14.5558 17.3388 -6.503
14.5715 7.99268 -15.0008
14.5871 -3.57961 -2.4243
14.6028 -8.58592 -2.4528
14.6185 4.44638 9.76902
14.6341 12.5451 13.5656
14.6498 13.8611 -0.70441
14.6655 12.5395 -9.88242
14.6812 8.66328 -11.6176
14.6968 -0.00490724 -1.47317
14.7125 -7.20401 2.57002
14.7282 6.77738 3.66771
14.7438 15.2127 11.6718
14.7595 14.8334 6.24222
14.7752 15.4778 -14.336
14.7908 9.51522 -8.00169
14.8065 -5.41443 -1.43445
14.8222 -3.73836 1.85417
14.8378 7.59848 19.8502
14.8535 15.717 6.73094
14.8692 16.3607 -1.93036
14.8848 11.3202 -9.75438
14.9005 1.10362 -7.55757
14.9162 -7.3471 3.01745
14.9318 0.23924 3.82863
14.9475 10.113 9.52096
14.9632 12.8618 7.74307
14.9789 16.3748 -6.07282
14.9945 13.6232 -5.82117
15.0102 -2.55113 -3.61477
15.0259 -6.23336 -5.59456
15.0415 2.76456 12.0786
15.0572 5.47164 13.3629
15.0729 17.5372 0.233188
15.0885 12.2607 -3.32143
15.1042 6.61958 -16.7071
15.1199 1.18218 -2.40289
15.1355 -6.70444 4.57855
15.1512 6.66546 7.19035
15.1669 11.1541 5.98576
15.1825 12.2371 2.57934
15.1982 11.6069 -5.94455
15.2139 6.13831 -10.0884
15.2295 0.787046 -2.39535
15.2452 -1.9738 -3.15793
15.2609 6.3289 8.87723
15.2765 9.44842 10.7232
15.2922 13.1026 -2.09649
15.3079 17.0751 -5.82196
15.3236 2.66441 -8.17593
15.3392 -4.00884 -2.93837
15.3549 1.74057 1.23577
15.3706 6.02685 10.4174
15.3862 4.70443 -0.0764363
15.4019 19.0341 -4.94934
15.4176 11.9975 1.07319
15.4332 2.25937 -13.4679
15.4489 11.1817 -4.43197
15.4646 -5.91152 3.01727
15.4802 5.00896 3.95724
15.4959 14.3057 9.63346
15.5116 13.3878 1.33508
15.5272 16.4501 -9.77723
15.5429 9.29873 -9.60749
15.5586 -1.96326 -3.85815
15.5742 -2.98317 4.34293
15.5899 8.48965 10.2303
15.6056 13.3316 11.8364
15.6212 19.6942 -4.62667
15.6369 14.0512 -8.38745
15.6526 -2.24853 -8.21331
15.6683 0.0300721 -4.262
15.6839 0.48079 10.017
15.6996 5.23725 13.6842
15.7153 16.8533 -1.2083
15.7309 20.1836 1.39098
15.7466 5.61222 -9.33993
15.7623 -0.335986 -15.6311
15.7779 1.42292 7.2874
15.7936 -5.07245 6.98963
15.8093 14.3896 5.58206
15.8249 19.6487 6.89966
15.8406 9.49316 -6.84698
15.8563 11.055 -12.921
15.8719 2.75864 -2.9151
15.8876 -5.68356 2.06694
15.9033 3.08312 2.47344
15.9189 14.6666 13.8224
15.9346 11.901 3.30518
15.9503 19.6774 -10.0018
15.966 9.17878 -8.88719
15.9816 -3.39412 -6.96868
15.9973 -3.86211 4.81191
16.013 3.19536 8.31292
16.0286 17.3597 11.5993
16.0443 15.5587 0
-16.0286 17.3597 -11.5993
-16.013 3.19536 -8.31292
-15.9973 -3.86211 -4.81191
-15.9816 -3.39412 6.96868
-15.966 9.17878 8.88719
-15.9503 19.6774 10.0018
-15.9346 11.901 -3.30518
-15.9189 14.6666 -13.8224
-15.9033 3.08312 -2.47344
-15.8876 -5.68356 -2.06694
-15.8719 2.75864 2.9151
-15.8563 11.055 12.921
-15.8406 9.49316 6.84698
-15.8249 19.6487 -6.89966
-15.8093 14.3896 -5.58206
-15.7936 -5.07245 -6.98963
-15.7779 1.42292 -7.2874
-15.7623 -0.335986 15.6311
-15.7466 5.61222 9.33993
-15.7309 20.1836 -1.39098
-15.7153 16.8533 1.2083
-15.6996 5.23725 -13.6842
-15.6839 0.48079 -10.017
-15.6683 0.0300721 4.262
-15.6526 -2.24853 8.21331
-15.6369 14.0512 8.38745
-15.6212 19.6942 4.62667
-15.6056 13.3316 -11.8364
-15.5899 8.48965 -10.2303
-15.5742 -2.98317 -4.34293
-15.5586 -1.96326 3.85815
-15.5429 9.29873 9.60749
-15.5272 16.4501 9.77723
-15.5116 13.3878 -1.33508
-15.4959 14.3057 -9.63346
-15.4802 5.00896 -3.95724
-15.4646 -5.91152 -3.01727
-15.4489 11.1817 4.43197
-15.4332 2.25937 13.4679
-15.4176 11.9975 -1.07319
-15.4019 19.0341 4.94934
-15.3862 4.70443 0.0764363
-15.3706 6.02685 -10.4174
-15.3549 1.74057 -1.23577
-15.3392 -4.00884 2.93837
-15.3236 2.66441 8.17593
-15.3079 17.0751 5.82196
-15.2922 13.1026 2.09649
-15.2765 9.44842 -10.7232
-15.2609 6.3289 -8.87723
-15.2452 -1.9738 3.15793
-15.2295 0.787046 2.39535
-15.2139 6.13831 10.0884
-15.1982 11.6069 5.94455
-15.1825 12.2371 -2.57934
-15.1669 11.1541 -5.98576
-15.1512 6.66546 -7.19035
-15.1355 -6.70444 -4.57855
-15.1199 1.18218 2.40289
-15.1042 6.61958 16.7071
-15.0885 12.2607 3.32143
-15.0729 17.5372 -0.233188
-15.0572 5.47164 -13.3629
-15.0415 2.76456 -12.0786
-15.0259 -6.23336 5.59456
-15.0102 -2.55113 3.61477
-14.9945 13.6232 5.82117
-14.9789 16.3748 6.07282
-14.9632 12.8618 -7.74307
-14.9475 10.113 -9.52096
-14.9318 0.23924 -3.82863
-14.9162 -7.3471 -3.01745
-14.9005 1.10362 7.55757
-14.8848 11.3202 9.75438
-14.8692 16.3607 1.93036
-14.8535 15.717 -6.73094
-14.8378 7.59848 -19.8502
-14.8222 -3.73836 -1.85417
-14.8065 -5.41443 1.43445
-14.7908 9.51522 8.00169
-14.7752 15.4778 14.336
-14.7595 14.8334 -6.24222
-14.7438 15.2127 -11.6718
-14.7282 6.77738 -3.66771
-14.7125 -7.20401 -2.57002
-14.6968 -0.00490724 1.47317
-14.6812 8.66328 11.6176
-14.6655 12.5395 9.88242
-14.6498 13.8611 0.70441
-14.6341 12.5451 -13.5656
-14.6185 4.44638 -9.76902
-14.6028 -8.58592 2.4528
-14.5871 -3.57961 2.4243
-14.5715 7.99268 15.0008
-14.5558 17.3388 6.503
-14.5401 11.1023 -9.23862
-14.5245 9.65389 -11.7617
-14.5088 -4.25103 -8.34917
-14.4931 -6.9941 1.93008
-14.4775 -0.0457866 6.48828
-14.4618 12.1867 2.46114
-14.4461 13.2129 3.84889
-14.4305 9.96982 -12.0461
-14.4148 9.48143 -13.7839
-14.3991 -0.209562 -5.90064
-14.3835 -3.66113 -3.78039
-14.3678 8.34228 5.94667
-14.3521 11.0441 5.9025
-14.3365 17.7895 -0.860777
-14.3208 12.3134 -8.26227
-14.3051 11.4733 -8.63045
-14.2894 -2.5629 -4.49352
-14.2738 0.0623697 -1.75608
-14.2581 7.51538 10.392
-14.2424 7.98675 8.3434
-14.2268 16.237 -5.86092
-14.2111 16.5828 -4.52456
-14.1954 4.88317 -8.49418
-14.1798 -5.25779 -8.51402
-14.1641 2.3005 2.7118
-14.1484 6.70568 10.5198
-14.1328 13.4636 6.60266
-14.1171 14.2127 -8.13737
-14.1014 16.2678 -9.89083
-14.0858 2.43997 -2.50429
-14.0701 -2.91453 -3.47018
-14.0544 6.09297 3.91786
-14.0388 5.93141 8.17843
-14.0231 10.8687 1.2737
-14.0074 16.0312 -0.879673
-13.9918 9.83594 -5.79838
-13.9761 5.67918 -6.00573
-13.9604 -2.62677 -6.27205
-13.9447 2.47047 6.50548
-13.9291 5.93578 8.59541
-13.9134 10.8038 2.36606
-13.8977 20.4557 -2.87717
-13.8821 5.29371 -4.32747
-13.8664 -2.07149 -8.77892
-13.8507 0.31394 -5.4835
-13.8351 6.53112 7.05804
-13.8194 4.46104 7.08284
-13.8037 9.36105 -0.751226
-13.7881 15.4442 -3.62583
-13.7724 10.8191 -4.35883
-13.7567 1.33041 -8.39674
-13.7411 0.873827 -10.3163
-13.7254 1.64131 9.60163
-13.7097 3.6486 5.94132
-13.6941 19.1832 2.31244
-13.6784 20.1771 0.491502
-13.6627 2.30163 -12.2682
-13.647 5.43767 -10.0077
-13.6314 -1.00853 6.0359
-13.6157 -1.94938 6.68328
-13.6 7.04712 6.69484
-13.5844 16.2804 0.120348
-13.5687 16.2529 -1.93595
-13.553 5.72693 -7.39536
-13.5374 1.32707 -15.2852
-13.5217 -3.88841 4.02246
-13.506 -4.04795 8.68064
-13.4904 16.0792 6.3278
-13.4747 21.0137 8.88118
-13.459 9.77161 -7.28221
-13.4434 2.32075 -18.2548
-13.4277 -1.69912 -2.0188
-13.412 -4.76613 8.18062
-13.3964 -5.16785 10.2286
-13.3807 13.0113 3.04902
-13.365 15.4518 -2.46535
-13.3494 11.7509 -10.0632
-13.3337 2.56155 -19.9492
-13.318 -3.35549 -2.81236
-13.3023 -12.9067 7.47805
-13.2867 9.8093 3.92587
-13.271 23.7195 5.23407
-13.2553 15.4068 1.90613
-13.2397 2.92833 -18.2505
-13.224 -2.62663 -10.1447
-13.2083 -8.55293 -2.14746
-13.1927 -0.960139 0.831586
-13.177 10.0306 2.39164
-13.1613 26.0191 3.83245
-13.1457 10.4586 0.161753
-13.13 5.05495 -19.3956
-13.1143 2.4865 -9.7343
-13.0987 -11.9096 -0.248142
-13.083 -0.846738 4.12834
-13.0673 18.3118 6.38477
-13.0517 16.8932 0.832769
-13.036 15.8289 -12.4886
-13.0203 -0.254433 -18.3753
-13.0047 3.04996 -4.58282
-12.989 -4.9634 3.98283
-12.9733 2.19739 2.50742
-12.9576 21.7366 4.96727
-12.942 13.7183 2.52058
-12.9263 9.35271 -17.337
-12.9106 8.20609 -15.9091
-12.895 -2.35928 4.17626
-12.8793 -7.59903 -3.68687
-12.8636 15.8705 6.25613
-12.848 15.5664 4.86023
-12.8323 15.5782 -5.56961
-12.8166 10.8221 -13.4829
-12.801 4.28221 -8.4438
-12.7853 2.44375 3.87485
-12.7696 -3.10797 3.90904
-12.754 13.6264 1.91762
-12.7383 15.6917 8.38597
-12.7226 3.6855 -6.1393
-12.707 15.0466 -7.09437
-12.6913 2.26286 -3.30253
-12.6756 -4.66323 -4.09564
-12.6599 -1.80644 1.40142
-12.6443 6.41916 4.80465
-12.6286 14.4437 5.2302
-12.6129 8.46588 -6.34376
-12.5973 7.31384 -20.3049
-12.5816 7.2313 -1.75568
-12.5659 -10.5295 -0.604416
-12.5503 8.541 -5.62527
-12.5346 13.9963 9.09203
-12.5189 2.2447 -2.89895
-12.5033 13.0838 -7.55486
-12.4876 12.8484 -5.74155
-12.4719 3.4867 -9.77337
-12.4563 -1.72868 -5.83767
-12.4406 0.880669 -2.77302
-12.4249 7.10819 8.62174
-12.4093 13.7695 5.27559
-12.3936 17.7519 -15.9123
-12.3779 15.5684 -8.98924
-12.3623 -5.70159 -6.98107
-12.3466 -4.75024 -6.60711
-12.3309 13.4041 10.8686
-12.3152 8.1217 5.23958
-12.2996 11.4348 -4.62444
-12.2839 17.4041 -5.82264
-12.2682 6.30796 -8.41396
-12.2526 -0.376559 -3.54383
-12.2369 -1.20606 -9.16208
-12.2212 3.61738 4.73467
-12.2056 6.18031 15.5159
-12.1899 15.2358 -8.9223
-12.1742 21.1213 -9.39234
-12.1586 4.60661 -11.1353
-12.1429 -9.25508 -12.2626
-12.1272 1.84148 2.76801
-12.1116 8.4168 10.5039
-12.0959 13.4959 2.41149
-12.0802 15.6712 -9.48118
-12.0646 14.3119 -8.51424
-12.0489 1.38136 -5.69822
-12.0332 -2.63402 -7.55422
-12.0176 7.21256 -6.25066
-12.0019 3.87515 16.9728
-11.9862 10.0222 1.26535
-11.9705 19.4183 -8.26643
-11.9549 17.8473 -3.38033
-11.9392 -3.81045 -13.4642
-11.9235 -5.40281 -11.5301
-11.9079 6.24842 13.4306
-11.8922 6.25985 8.0328
-11.8765 13.5654 1.5661
-11.8609 18.978 -10.5854
-11.8452 4.5683 -7.08515
-11.8295 -5.29685 -7.19165
-11.8139 5.34208 -10.333
-11.7982 1.86505 6.2187
-11.7825 0.250546 8.43475
-11.7669 17.0567 -8.05198
-11.7512 21.6684 -0.405389
-11.7355 8.72382 -10.0325
-11.7199 -2.6151 -21.2041
-11.7042 3.03367 -2.7237
-11.6885 -3.37859 16.7004
-11.6728 9.1099 4.20935
-11.6572 26.4181 -2.0024
-11.6415 23.7045 -6.87545
-11.6258 -6.75562 -17.4051
-11.6102 0.250471 -7.57331
-11.5945 5.10704 9.9365
-11.5788 -4.76158 17.7095
-11.5632 15.214 -6.09024
-11.5475 22.0428 -1.73088
-11.5318 5.34223 2.21217
-11.5162 -1.66925 -22.9258
-11.5005 -2.88396 -9.80439
-11.4848 1.43258 16.7759
-11.4692 -4.20862 3.95309
-11.4535 19.871 -2.69966
-11.4378 23.3368 -1.28294
-11.4222 -3.73189 -13.1159
-11.4065 -6.13184 -17.8899
-11.3908 9.33175 -1.75938
-11.3752 -5.5666 11.9507
-11.3595 4.91126 -1.10685
-11.3438 25.4619 -8.86871
-11.3281 12.333 0.962107
-11.3125 -0.161162 -12.8585
-11.2968 3.24513 -18.624
-11.2811 4.55112 13.9075
-11.2655 -1.45735 10.8537
-11.2498 8.82744 -13.7529
-11.2341 19.6587 1.41588
-11.2185 1.77577 -2.21869
-11.2028 -6.32654 -11.1305
-11.1871 16.4109 -2.88967
-11.1715 5.73371 -2.68238
-11.1558 -10.5567 -2.00911
-11.1401 5.36628 -7.86433
-11.1245 14.5853 8.05018
-11.1088 4.6206 6.13584
-11.0931 11.1444 -32.5816
-11.0775 7.80343 -5.76707
-11.0618 -16.383 3.56341
-11.0461 3.78485 -7.66891
-11.0305 15.2279 1.34466
-11.0148 13.5314 -2.1781
-10.9991 0.188049 -14.9239
-10.9834 12.6456 -13.1789
-10.9678 14.9575 -0.0215088
-10.9521 -7.27443 -7.37202
-10.9364 3.21524 -15.7143
-10.9208 14.9992 8.77684
-10.9051 4.29506 14.3205
-10.8894 17.3573 -14.4502
-10.8738 24.663 -23.23
-10.8581 -4.67817 0.898946
-10.8424 -14.5613 -7.77074
-10.8268 7.03665 1.22618
-10.8111 20.5922 20.9488
-10.7954 10.2077 -11.0871
-10.7798 11.2811 -21.6427
-10.7641 10.9655 -2.21533
-10.7484 -4.46179 -0.0586451
-10.7328 -9.04448 -9.17192
-10.7171 20.7885 -5.29105
-10.7014 -5.01924 16.6743
-10.6857 8.00113 -1.08698
-10.6701 26.7378 -21.9887
-10.6544 11.4646 -8.26839
-10.6387 -16.4395 -22.4294
-10.6231 -2.8517 -4.18646
-10.6074 8.10088 21.0032
-10.5917 18.8402 8.37557
-10.5761 20.6767 -19.8286
-10.5604 17.7952 -19.7295
-10.5447 -6.8381 -5.74288
-10.5291 -15.5245 -7.59471
-10.5134 16.7688 -1.347
-10.4977 13.7133 18.145
-10.4821 3.23959 -8.77156
-10.4664 23.0831 -8.48606
-10.4507 15.488 -10.979
-10.4351 -7.67362 -9.64938
-10.4194 -4.31435 -14.089
-10.4037 1.55847 1.49443
-10.3881 13.9556 24.4082
-10.3724 14.9419 -5.16315
-10.3567 24.5608 -19.8663
-10.341 7.57245 -13.9362
-10.3254 -18.2633 -11.2888
-10.3097 -3.17682 -1.15045
-10.294 17.6549 10.6337
-10.2784 8.96518 6.41652
-10.2627 17.8917 -18.9629
-10.247 15.1409 -9.25203
-10.2314 4.27184 -8.65949
-10.2157 1.74657 -10.5418
-10.2 -0.717923 -5.06496
-10.1844 7.28797 9.22605
-10.1687 9.90939 17.3108
-10.153 26.4915 -11.464
-10.1374 18.753 -14.494
-10.1217 -4.12127 -11.8432
-10.106 -21.0963 -8.59716
-10.0904 7.28612 13.2311
-10.0747 12.1239 12.5284
-10.059 18.6434 -5.14404
-10.0434 12.2774 -19.8292
-10.0277 0.0946703 -12.7282
-10.012 -3.05908 3.61093
-9.99635 -0.234672 -5.47321
-9.98068 8.55181 -9.08032
-9.96501 1.45306 10.2752
-9.94934 7.8559 -9.2351
-9.93367 20.1699 -6.22068
-9.918 12.6504 -12.7741
-9.90234 -8.35143 -19.7781
-9.88667 -1.65528 -7.98986
-9.871 9.62522 9.09474
-9.85533 11.3105 11.4158
-9.83966 21.3002 -12.6444
-9.82399 15.3882 -23.1547
-9.80833 4.43264 0.421497
-9.79266 -12.3873 -1.67348
-9.77699 10.7673 -0.613368
-9.76132 16.5506 3.18817
-9.74565 0.893748 0.434654
-9.72999 3.02585 -15.7531
-9.71432 15.1847 0.871894
-9.69865 3.16601 -1.84021
-9.68298 -3.85562 -16.1936
-9.66731 13.4246 -13.0657
-9.65164 3.26253 6.81988
-9.63598 -5.36118 1.56067
-9.62031 16.7848 -12.5911
-9.60464 26.6386 -1.1663
-9.58897 -6.69753 -3.43674
-9.5733 -0.733386 -28.9537
-9.55763 8.96379 3.43045
-9.54197 0.132315 10.9933
-9.5263 -0.714223 -9.99224
-9.51063 23.2948 -18.1982
-9.49496 18.3054 5.90002
-9.47929 -9.2736 -11.4518
-9.46362 15.1497 -23.9727
-9.44796 15.7812 0.921664
-9.43229 -16.9327 13.1056
-9.41662 5.86899 -14.6954
-9.40095 32.0762 0.272369
-9.38528 14.4025 13.9093
-9.36962 -6.25758 -35.5215
-9.35395 10.695 -22.9823
-9.33828 -3.31712 24.4988
-9.32261 -16.0905 2.88131
-9.30694 26.462 -19.1217
-9.29127 34.2027 4.32461
-9.27561 -11.3394 -5.56039
-9.25994 -0.187929 -32.2678
-9.24427 28.9705 -3.32983
-9.2286 -13.0906 13.7836
-9.21293 -14.6672 -12.4862
-9.19726 36.7582 -8.32888
-9.1816 15.4551 25.4709
-9.16593 4.5228 -19.5267
-9.15026 16.2926 -49.2094
-9.13459 2.17817 10.3199
-9.11892 -29.9506 19.7566
-9.10326 8.81886 -17.9756
-9.08759 55.6825 16.2384
-9.07192 12.8563 0.552399
-9.05625 -25.9702 -41.2698
-9.04058 30.7808 -16.3776
-9.02491 -10.245 27.5331
-9.00925 -22.1204 -0.918373
-8.99358 33.779 -19.876
-8.97791 30.3047 19.0566
-8.96224 -17.1823 3.63141
-8.94657 16.0653 -50.3629
-8.9309 21.804 -6.19416
-8.91524 -28.5054 25.1337
-8.89957 -21.9261 -20.8789
-8.8839 46.5092 5.6692
-8.86823 26.5276 30.846
-8.85256 -11.8348 -47.0245
-8.83689 13.7665 -46.8984
-8.82123 5.33974 27.1957
-8.80556 -42.7143 13.5653
-8.78989 22.071 -19.9651
-8.77422 61.2418 1.92703
-8.75855 -17.0029 5.97753
-8.74289 -13.1987 -42.5797
-8.72722 43.752 -24.4009
-8.71155 -11.091 40.7761
-8.69588 -22.3176 -16.7749
-8.68021 29.7733 -26.7094
-8.66454 29.9601 45.2899
-8.64888 -11.3665 -13.2193
-8.63321 17.1316 -57.9805
-8.61754 20.7369 16.3577
-8.60187 -35.1009 12.3105
-8.5862 -21.1542 -12.599
-8.57053 65.8566 -0.922765
-8.55487 11.6316 14.8365
-8.5392 -31.7231 -34.0644
-8.52353 24.2934 -41.0708
-8.50786 10.7953 38.1085
-8.49219 -31.0017 3.96765
-8.47653 27.8834 -52.7513
-8.46086 29.3238 18.6848
-8.44519 -23.2649 20.6558
-8.42952 8.44702 -54.0817
-8.41385 42.1094 -10.8369
-8.39818 -3.45281 24.4282
-8.38252 -36.6112 -31.5581
-8.36685 33.0328 -9.86172
-8.35118 42.0658 32.1398
-8.33551 -29.3404 -11.9002
-8.31984 18.2659 -56.6001
-8.30417 37.9263 19.8444
-8.28851 -49.0825 27.2062
-8.27284 13.9729 -40.8999
-8.25717 51.08 -15.9586
-8.2415 -18.3885 31.7621
-8.22583 -16.7596 -33.7376
-8.21016 35.2656 -19.716
-8.1945 26.0155 31.7547
-8.17883 -22.577 -24.3914
-8.16316 2.05586 -45.0489
-8.14749 43.8477 24.1134
-8.13182 -24.8675 26.9793
-8.11616 -1.26882 -46.2559
-8.10049 70.3534 -6.23411
-8.08482 -24.9695 28.2191
-8.06915 -28.6869 -35.3659
-8.05348 51.4841 -24.2415
-8.03781 3.54586 35.4316
-8.02215 -19.7673 -9.92216
-8.00648 17.7495 -31.1767
-7.99081 38.9864 17.5117
-7.97514 -9.59324 23.5437
-7.95947 -12.6548 -65.3772
-7.9438 37.3742 -4.65609
-7.92814 -14.9545 49.9606
-7.91247 -35.0059 -26.8439
-7.8968 63.6395 -16.8138
-7.88113 24.5977 26.8552
-7.86546 -45.5458 -27.1577
-7.84979 22.7846 -38.9305
-7.83413 7.84538 16.6328
-7.81846 -25.466 25.8577
-7.80279 4.93363 -31.6907
-7.78712 46.6957 -14.2795
-7.77145 6.43521 24.3431
-7.75579 -28.5161 -42.0833
-7.74012 21.0214 -40.3304
-7.72445 19.3558 42.8761
-7.70878 -51.8541 -3.69063
-7.69311 37.5696 -34.34
-7.67744 53.9813 28.4518
-7.66178 -25.4816 -8.61493
-7.64611 -8.02435 -56.7986
-7.63044 23.549 -13.6608
-7.61477 -20.7216 39.3275
-7.5991 -14.5407 -2.00829
-7.58343 43.4496 -32.0435
-7.56777 35.5973 13.2023
-7.5521 -24.8365 -21.4173
-7.53643 -6.5746 -63.9455
-7.52076 30.5391 28.4284
-7.50509 -33.5032 31.8759
-7.48943 6.96265 -43.4505
-7.47376 63.5163 5.36352
-7.45809 -5.53959 4.02756
-7.44242 -27.0989 -41.244
-7.42675 31.4709 -36.8411
-7.41108 -0.0185505 28.4871
-7.39542 -30.4299 14.334
-7.37975 23.7875 -36.4419
-7.36408 63.2327 -0.477441
-7.34841 -10.8326 17.5787
-7.33274 -30.4224 -78.1266
-7.31707 44.4615 -3.56111
-7.30141 -19.2619 54.8505
-7.28574 -15.7659 -33.8548
-7.27007 55.557 -19.0931
-7.2544 29.262 16.0993
-7.23873 -37.055 -20.0527
-7.22306 20.5287 -42.5811
-7.2074 28.8485 11.727
-7.19173 -24.429 28.9517
-7.17606 -17.6276 -30.5432
-7.16039 58.5202 -15.8608
-7.14472 14.4163 46.6857
-7.12906 -32.9304 -52.7644
-7.11339 30.8017 -51.9304
-7.09772 2.84926 44.3549
-7.08205 -45.0448 3.28496
-7.06638 28.449 -39.1688
-7.05071 61.0984 16.3365
-7.03505 -25.8449 -9.84635
-7.01938 -11.3287 -49.2
-7.00371 39.3756 -11.4779
-6.98804 -3.37006 34.1124
-6.97237 -31.2884 -14.9659
-6.9567 45.7664 -48.9655
-6.94104 33.2922 45.0155
-6.92537 -38.1201 0.622209
-6.9097 24.8643 -81.3724
-6.89403 45.6928 19.5757
-6.87836 -52.474 24.9983
-6.86269 -10.3596 -45.9646
-6.84703 69.3214 15.2139
-6.83136 7.10347 23.111
-6.81569 -29.5614 -50.5816
-6.80002 27.2191 -37.1845
-6.78435 15.7843 31.5541
-6.76869 -39.7182 17.6967
-6.75302 24.2973 -64.4206
-6.73735 61.0553 9.26439
-6.72168 -51.3902 38.1435
-6.70601 -9.92405 -67.9369
-6.69034 81.1045 -12.5904
-6.67468 -14.0065 43.3311
-6.65901 -43.723 -58.1447
-6.64334 38.3624 -23.3992
-6.62767 27.2587 59.6688
-6.612 -21.6742 -10.4353
-6.59633 19.8214 -62.1056
-6.58067 44.5825 -3.15536
-6.565 -40.2268 38.2274
-6.54933 -27.3518 -47.3791
-6.53366 83.1834 -23.4592
-6.51799 -21.9261 58.9858
-6.50233 -46.6297 -51.3075
-6.48666 71.9529 -31.5575
-6.47099 26.6395 51.5433
-6.45532 -45.4952 -42.4123
-6.43965 7.22224 -70.5787
-6.42398 24.0086 41.0085
-6.40832 -25.5635 45.6025
-6.39265 16.9691 -38.236
-6.37698 79.4166 -51.7356
-6.36131 -5.02692 27.1113
-6.34564 -88.9375 -42.9569
-6.32997 46.5783 -36.2813
-6.31431 43.9452 86.2272
-6.29864 -42.7155 -16.0582
-6.28297 51.5425 -77.6839
-6.2673 35.2873 30.117
-6.25163 -41.0816 1.66003
-6.23596 -13.0319 -52.5402
-6.2203 31.8904 -8.98658
-6.20463 -6.96198 51.4602
-6.18896 -27.7907 -1.27612
-6.17329 73.0725 -61.5832
-6.15762 55.7469 12.0287
-6.14196 -96.4131 -21.0954
-6.12629 -8.38663 -72.1749
-6.11062 51.3536 72.584
-6.09495 -27.7469 49.8518
-6.07928 36.8158 -91.8044
-6.06361 45.2492 -23.7258
-6.04795 -28.5356 10.805
-6.03228 -40.9679 -29.0552
-6.01661 18.8696 -24.7985
-6.00094 54.5871 29.77
-5.98527 -43.4536 15.4588
-5.9696 15.2034 -71.9902
-5.95394 98.0352 7.0524
-5.93827 -63.3048 22.9893
-5.9226 -20.4446 -89.2896
-5.90693 48.9269 7.43743
-5.89126 -39.3105 78.4622
-5.87559 18.7503 -27.3233
-5.85993 56.2027 -50.2107
-5.84426 14.3688 -10.7035
-5.82859 -47.0051 -12.6106
-5.81292 -39.0075 -38.3918
-5.79725 74.6761 19.1482
-5.78159 1.39885 50.9472
-5.76592 -41.1401 -67.5563
-5.75025 96.5596 -37.5778
-5.73458 -22.855 43.3339
-5.71891 -65.3638 -49.8631
-5.70324 65.2983 -37.1484
-5.68758 -8.34556 30.6338
-5.67191 -19.0276 22.6552
-5.65624 27.8594 -47.0434
-5.64057 48.5717 -34.7362
-5.6249 6.09936 28.6167
-5.60923 -75.4372 -61.455
-5.59357 33.3443 -33.3203
-5.5779 56.966 95.1276
-5.56223 -66.457 -47.6701
-5.54656 71.1191 -72.1909
-5.53089 45.2521 39.9817
-5.51523 -89.4061 -20.0921
-5.49956 40.5173 -28.1395
-5.48389 42.3623 -8.92567
-5.46822 -29.8232 31.252
-5.45255 -20.6237 -3.61928
-5.43688 37.5472 -80.4775
-5.42122 54.1372 58.6485
-5.40555 -67.5592 -9.48182
-5.38988 -6.08739 -140.664
-5.37421 76.0966 99.8887
-5.35854 -69.5426 27.121
-5.34287 10.3254 -110.332
-5.32721 99.7247 38.6552
-5.31154 -50.361 -16.1876
-5.29587 -53.9933 -32.4552
-5.2802 65.1568 -22.8928
-5.26453 37.6507 0.754136
-5.24886 -67.042 37.9298
-5.2332 11.5909 -119.923
-5.21753 93.8206 29.3347
-5.20186 -68.7049 106.084
-5.18619 1.70488 -180.626
-5.17052 98.1222 4.45427
-5.15486 -70.669 96.3945
-5.13919 -49.8535 -119.62
-5.12352 86.354 24.106
-5.10785 49.766 44.3628
-5.09218 -58.3733 -60.609
-5.07651 -10.5516 -50.4805
-5.06085 103.893 -16.7679
-5.04518 -85.1977 87.9
-5.02951 -50.5979 -95.8227
-5.01384 169.107 -60.3462
-4.99817 -71.9057 167.993
-4.9825 -63.5741 -131.846
-4.96684 163.66 -97.6419
-4.95117 -52.4219 133.667
-4.9355 -85.9958 -83.3689
-4.91983 29.6966 -55.6726
-4.90416 73.0848 103.775
-4.8885 12.888 -1.85874
-4.87283 -77.6324 -127.453
-4.85716 129.347 -65.807
-4.84149 -41.5113 127.194
-4.82582 -184.798 -57.9414
-4.81015 235.75 -98.0695
-4.79449 25.0862 151.882
-4.77882 -170.503 -74.6055
-4.76315 168.775 -154.99
-4.74748 14.4323 112.536
-4.73181 -117.083 11.1609
-4.71614 22.8085 -126.117
-4.70048 58.8097 37.0914
-4.68481 47.7492 131.478
-4.66914 -97.2168 -123.255
-4.65347 115.834 -158.624
-4.6378 73.0655 152.024
-4.62213 -284.11 -37.6823
-4.60647 138.197 -127.658
-4.5908 191.297 195.68
-4.57513 -200.244 -37.4342
-4.55946 94.4022 -205.592
-4.54379 87.7727 53.5652
-4.52813 -152.989 81.6855
-4.51246 -10.2752 -60.6783
-4.49679 105.73 -89.7218
-4.48112 54.7154 147.57
-4.46545 -137.25 -15.9787
-4.44978 67.7931 -257.79
-4.43412 169.897 176.592
-4.41845 -259.152 25.362
-4.40278 -3.12921 -251.979
-4.38711 235.49 203.833
-4.37144 -135.549 65.5261
-4.35577 2.41693 -228.339
-4.34011 155.745 -20.4725
-4.32444 -104.353 63.5347
-4.30877 -135.103 21.0002
-4.2931 134.175 -114.044
-4.27743 152.593 76.5776
-4.26176 -179.127 84.6181
-4.2461 -11.0811 -310.087
-4.23043 214.901 108.192
-4.21476 -189.726 193.716
-4.19909 -46.0158 -321.327
-4.18342 218.193 65.5442
-4.16776 -102.333 173.656
-4.15209 -73.2805 -183.242
-4.13642 152.616 -52.8424
-4.12075 46.1193 53.856
-4.10508 -176.09 3.14987
-4.08941 -16.4093 -115.683
-4.07375 252.639 41.2554
-4.05808 -129.818 153.372
-4.04241 -95.2569 -276.542
-4.02674 262.873 -36.8202
-4.01107 -159.948 274.622
-3.9954 -100.47 -209.282
-3.97974 252.277 -93.7658
-3.96407 -69.6053 188.368
-3.9484 -121.224 -98.8414
-3.93273 61.7108 -99.078
-3.91706 127.247 85.224
-3.9014 -61.274 38.3046
-3.88573 -136.683 -192.204
-3.87006 212.825 -22.5844
-3.85439 -42.7198 234.29
-3.83872 -198.794 -183.646
-3.82305 300.377 -128.293
-3.80739 -47.8019 219.487
-3.79172 -229.201 -114.825
-3.77605 232.659 -133.943
-3.76038 23.7977 123.325
-3.74471 -143.833 -11.0839
-3.72904 6.54837 -132.157
-3.71338 104.371 23.0247
-3.69771 27.8776 164.682
-3.68204 -122.288 -193.38
-3.66637 133.991 -182.776
-3.6507 22.4678 249.849
-3.63503 -272.932 -77.9939
-3.61937 218.507 -135.399
-3.6037 159.039 186.297
-3.58803 -230.467 -120.799
-3.57236 70.1189 -154.942
-3.55669 98.4695 69.5423
-3.54103 -118.203 54.8969
-3.52536 -35.9549 -51.3762
-3.50969 134.159 -121.127
-3.49402 51.127 166.696
-3.47835 -128.505 -42.5583
-3.46268 97.7006 -295.678
-3.44702 76.9151 193.166
-3.43135 -237.405 39.9925
-3.41568 58.4181 -191.069
-3.40001 212.451 185.454
-3.38434 -62.9313 -38.1635
-3.36867 -63.3067 -213.847
-3.35301 64.9266 7.66558
-3.33734 -28.193 67.2879
-3.32167 -129.356 55.2097
-3.306 131.451 -130.513
-3.29033 163.268 21.1872
-3.27466 -191.522 75.2883
-3.259 28.8412 -267.399
-3.24333 122.181 42.9989
-3.22766 -176.546 166.186
-3.21199 8.363 -192.621
-3.19632 133.226 35.8343
-3.18066 31.6714 94.6405
-3.16499 -48.4663 -176.128
-3.14932 -31.5885 -98.1428
-3.13365 79.4399 66.2929
-3.11798 -126.13 59.9444
-3.10231 -25.0383 -70.6873
-3.08665 269.96 -50.4318
-3.07098 -111.171 69.7331
-3.05531 -105.384 -154.454
-3.03964 162.841 -99.719
-3.02397 -106.227 164.295
-3.0083 -38.172 -36.6738
-2.99264 101.138 -129.55
-2.97697 43.4823 71.5254
-2.9613 -2.25338 -8.7883
-2.94563 -91.3539 -165.808
-2.92996 89.8512 9.20694
-2.9143 18.4018 91.5376
-2.89863 -167.483 -92.9954
-2.88296 181.228 -56.8748
-2.86729 73.5413 68.8498
-2.85162 -184.516 -58.9335
-2.83595 122.042 -132.001
-2.82029 44.1103 17.6448
-2.80462 -131.994 75.0684
-2.78895 45.9194 -102.544
-2.77328 85.1638 -61.1306
-2.75761 25.0148 125.833
-2.74194 -80.5041 -128.098
-2.72628 16.4831 -142.985
-2.71061 109.482 162.759
-2.69494 -137.513 -47.5639
-2.67927 -3.92408 -163.696
-2.6636 186.844 70.3221
-2.64793 -136.192 30.2889
-2.63227 -42.3396 -98.6212
-2.6166 216.241 -80.0619
-2.60093 -72.0964 37.8685
-2.58526 -145.659 -38.0938
-2.56959 101.396 -128.951
-2.55393 73.6411 133.682
-2.53826 -49.8691 48.1476
-2.52259 30.226 -289.172
-2.50692 91.9618 26.6164
-2.49125 -96.7867 141.858
-2.47558 -99.8209 -185.013
-2.45992 185.281 -20.4773
-2.44425 32.2912 117.155
-2.42858 -197.286 -115.23
-2.41291 155.415 -98.5516
-2.39724 152.055 61.7239
-2.38157 -208.429 -37.7107
-2.36591 -25.1983 -180.31
-2.35024 134.984 61.6806
-2.33457 -71.7772 210.419
-2.3189 21.3265 -181.302
-2.30323 202.519 -232.367
-2.28756 -94.8741 152.398
-2.2719 -246.435 -55.2924
-2.25623 136.977 -129.778
-2.24056 189.93 197.441
-2.22489 -133.357 -62.8767
-2.20922 -32.6718 -275.292
-2.19356 171.71 91.9286
-2.17789 -69.6548 113.797
-2.16222 -138.007 -217.292
-2.14655 164.978 -108.786
-2.13088 2.13549 203.546
-2.11521 -208.384 15.7136
-2.09955 269.617 -252.308
-2.08388 185.885 15.0837
-2.06821 -373.187 -0.904906
-2.05254 -44.093 -205.681
-2.03687 238.566 154.121
-2.0212 -20.8728 204.439
-2.00554 -2.42271 -335.129
-1.98987 63.232 -215.186
-1.9742 -17.0726 266.99
-1.95853 -170.205 -4.4601
-1.94286 93.0738 -283.374
-1.9272 281.302 125.046
-1.91153 -330.258 48.0676
-1.89586 -108.486 -215.036
-1.88019 491.299 82.9706
-1.86452 -152.771 28.6317
-1.84885 -242.338 -274.754
-1.83319 172.043 -105.765
-1.81752 -53.7501 283.856
-1.80185 -26.7556 128.207
-1.78618 188.426 -493.091
-1.77051 91.0872 -39.0357
-1.75484 -242.217 323.434
-1.73918 -189.735 -390.971
-1.72351 428.008 60.5866
-1.70784 42.0642 267.395
-1.69217 -447.273 -472.826
-1.6765 256.787 58.3476
-1.66083 249.771 244.577
-1.64517 -288.365 -192.15
-1.6295 68.9864 -253.277
-1.61383 141.32 -169.482
-1.59816 -346.516 523.584
-1.58249 13.601 -92.4017
-1.56683 578.002 -572.958
-1.55116 -104.208 472.182
-1.53549 -508.25 -367.501
-1.51982 149.316 -389.205
-1.50415 265.194 841.429
-1.48848 -120.752 -326.108
-1.47282 -91.5169 -519.563
-1.45715 299.215 281.289
-1.44148 -82.8794 43.0825
-1.42581 -441.534 -45.3334
-1.41014 636.129 -485.822
-1.39447 -2.21314 221.194
-1.37881 -956.386 395.621
-1.36314 790.942 -721.298
-1.34747 487.604 429.781
-1.3318 -700.888 103.81
-1.31613 107.725 -1200.04
-1.30047 -78.4291 647.096
-1.2848 0.0333437 730.601
-1.26913 119.614 -745.98
-1.25346 152.712 -326.089
-1.23779 475.038 197.111
-1.22212 -1178.78 47.3173
-1.20646 112.097 -376.436
-1.19079 1514.7 246.991
-1.17512 -1439.73 304.153
-1.15945 -46.8014 -963.924
-1.14378 1221.15 202.126
-1.12811 -1044.78 923.593
-1.11245 338.46 -1000.28
-1.09678 344.039 -716.993
-1.08111 -628.827 1038.25
-1.06544 55.5574 236.874
-1.04977 -34.6894 -997.725
-1.0341 1292.59 316.746
-1.01844 -775.628 198.929
-1.00277 -1643.68 -1249.35
-0.9871 2172.16 880.661
-0.971432 -399.242 965.477
-0.955763 -1144.44 -1636.56
-0.940095 1843.05 -378.474
-0.924427 -1206.55 953.552
-0.908759 -746.372 255.324
-0.89309 1668.73 -900.516
-0.877422 -118.857 -393.914
-0.861754 -779.263 1087.55
-0.846086 -762.966 -1225.92
-0.830417 1313.41 80.6295
-0.814749 776.228 2026.82
-0.799081 -2032.6 -2838.42
-0.783413 1164.46 -478.808
-0.767744 344.194 2846.9
-0.752076 -1930 -1553.4
-0.736408 2143.17 -734.082
-0.72074 461.368 419.141
-0.705071 -2556.84 -153.18
-0.689403 692.209 440.343
-0.673735 1919.87 -974.112
-0.658067 -549.439 994.264
-0.642398 -1744.16 -1084.44
-0.62673 788.411 -1998.43
-0.611062 748.78 4462.15
-0.595394 -1073.11 -1251.2
-0.579725 1599.34 -4026.54
-0.564057 241.247 3138.62
-0.548389 -2976.04 -623.897
-0.532721 743.527 -902.842
-0.517052 2762.19 1844.97
-0.501384 -940.607 -1579.87
-0.485716 -2234.13 -559.745
-0.470048 1769.13 -445.531
-0.454379 992.075 1490.04
-0.438711 -2573.58 506.11
-0.423043 1729.97 -4633.95
-0.407375 550.918 3049.23
-0.391706 -3137.66 2702.46
-0.376038 3041.85 -5063.06
-0.36037 1860.95 1389.49
-0.344702 -3347.82 356.766
-0.329033 -1440.9 -2790.77
-0.313365 1488.98 3229.68
-0.297697 2783.65 920.696
-0.282029 -1745.1 -2847.45
-0.26636 -748.797 -2475.12
-0.250692 2039.7 1283.16
-0.235024 -4356.74 3114.57
-0.219356 1955.32 -3543.07
-0.203687 4790.3 -590.557
-0.188019 -5817.89 2764.48
-0.172351 522.374 -3846.98
-0.156683 4061.95 147.756
-0.141014 -2371.17 1971.79
-0.125346 -937.232 -4380.52
-0.109678 -1156.25 -441.356
-0.0940095 1939.28 4245.63
-0.0783413 1751.9 -572.391
-0.062673 -209.136 -6779.93
-0.0470048 3157.71 -2780.37
-0.0313365 -7877.98 2142.82
-0.0156683 -8517.13 -3383.68
