12.4188 13.5922
12.45 13.6919
12.4812 13.7065
12.5123 13.6557
12.5435 13.6854
12.5747 13.3407
12.6058 13.4357
12.637 13.3189
12.6682 13.3777
12.6993 13.2518
12.7305 13.4047
12.7616 13.2586
12.7928 13.2971
12.824 13.515
12.8551 13.5303
12.8863 13.3817
12.9175 13.3928
12.9486 12.9065
12.9798 13.3468
13.011 13.172
13.0421 13.0616
13.0733 13.1183
13.1044 13.0538
13.1356 13.1599
13.1668 13.1612
13.1979 13.1297
13.2291 12.908
13.2603 13.2961
13.2914 13.066
13.3226 12.7667
13.3538 12.9755
13.3849 12.936
13.4161 12.9889
13.4473 12.7945
13.4784 12.8451
13.5096 13.0587
13.5407 12.7476
13.5719 12.7751
13.6031 12.8091
13.6342 13.0102
13.6654 12.8406
13.6966 12.6695
13.7277 12.6171
13.7589 12.7105
13.7901 12.7253
13.8212 12.7289
13.8524 12.5925
13.8835 12.9392
13.9147 12.6973
13.9459 12.59
13.977 12.6765
14.0082 12.412
14.0394 12.8131
14.0705 12.4821
14.1017 12.7037
14.1329 12.7261
14.164 12.824
14.1952 12.5291
14.2263 12.4069
14.2575 12.5322
14.2887 12.4674
14.3198 12.5467
14.351 12.7121
14.3822 12.7108
14.4133 12.5399
14.4445 12.6604
14.4757 12.4834
14.5068 12.4119
14.538 12.4626
14.5691 12.3942
14.6003 12.4895
14.6315 12.3187
14.6626 12.2836
14.6938 12.2362
14.725 12.5085
14.7561 12.4883
14.7873 12.3822
14.8185 12.2388
14.8496 12.2044
14.8808 12.201
14.9119 12.4267
14.9431 12.2663
14.9743 12.3129
15.0054 12.1343
15.0366 11.9449
15.0678 12.394
15.0989 11.9136
15.1301 12.1983
15.1613 12.4708
15.1924 12.0049
15.2236 11.9077
15.2547 12.4426
15.2859 12.2949
15.3171 12.0568
15.3482 12.0641
15.3794 12.0344
15.4106 12.1524
15.4417 12.1265
15.4729 12.0223
15.5041 11.9656
15.5352 12.0138
15.5664 12.1115
15.5975 12.0989
15.6287 12.1385
15.6599 12.0024
15.691 12.0289
15.7222 11.939
15.7534 12.1492
15.7845 11.9793
15.8157 11.9489
15.8469 12.1952
15.878 12.1468
15.9092 11.9924
15.9403 11.8565
15.9715 11.9102
16.0027 11.863
16.0338 11.8452
16.065 11.7409
16.0962 11.7947
16.1273 11.7594
16.1585 11.7661
16.1897 11.738
16.2208 11.6684
16.252 11.73
16.2831 11.7789
16.3143 11.8637
16.3455 11.9351
16.3766 11.8576
16.4078 11.8977
16.439 11.8269
16.4701 11.7556
16.5013 11.6082
16.5325 11.7714
16.5636 12.0336
16.5948 11.9064
16.626 11.8674
16.6571 11.7904
16.6883 11.758
16.7194 11.7845
16.7506 11.7797
16.7818 11.8875
16.8129 11.8761
16.8441 11.678
16.8753 11.7341
16.9064 11.5981
16.9376 11.8148
16.9688 11.7936
16.9999 11.7306
17.0311 11.7723
17.0622 11.7758
17.0934 11.9084
17.1246 11.6856
17.1557 11.6594
17.1869 11.6433
17.2181 11.6966
17.2492 11.6395
17.2804 11.747
17.3116 11.728
17.3427 11.6299
17.3739 11.7444
17.405 11.8156
17.4362 11.9152
17.4674 11.7866
17.4985 11.7284
17.5297 11.6294
17.5609 11.5386
17.592 11.7874
17.6232 11.7731
17.6544 11.6893
17.6855 11.7886
17.7167 11.7219
17.7478 11.6045
17.779 11.714
17.8102 11.9623
17.8413 11.8225
17.8725 11.6672
17.9037 11.813
17.9348 11.6452
17.966 11.6815
17.9972 11.6575
18.0283 11.6023
18.0595 11.6023
18.0906 11.6423
18.1218 11.7866
18.153 11.6705
18.1841 11.6447
18.2153 11.6358
18.2465 11.7523
18.2776 11.7662
18.3088 11.6192
18.34 11.6587
18.3711 11.7067
18.4023 11.7094
18.4334 11.7724
18.4646 11.5438
18.4958 11.631
18.5269 11.5781
18.5581 11.6128
18.5893 11.6411
18.6204 11.7226
18.6516 11.7774
18.6828 11.6879
18.7139 11.7818
18.7451 11.7655
18.7762 11.8483
18.8074 11.8104
18.8386 11.7421
18.8697 11.8805
18.9009 11.9058
18.9321 11.8592
18.9632 11.9115
18.9944 11.7035
19.0256 11.8207
19.0567 11.7874
19.0879 11.9489
19.119 11.9671
19.1502 11.9177
19.1814 11.8989
19.2125 11.8172
19.2437 11.8715
19.2749 11.9341
19.306 12.0096
19.3372 11.9263
19.3684 11.8955
19.3995 11.8961
19.4307 11.924
19.4619 11.9679
19.493 12.0817
19.5242 11.9208
19.5553 12.1016
19.5865 12.0414
19.6177 12.0922
19.6488 12.1976
19.68 12.1352
19.7112 12.0498
19.7423 12.0202
19.7735 12.0442
19.8047 12.122
19.8358 12.1932
19.867 12.302
19.8981 12.2286
19.9293 12.204
19.9605 12.1723
19.9916 12.2877
20.0228 12.3864
20.054 12.2573
20.0851 12.3145
20.1163 12.201
20.1475 12.2978
20.1786 12.3054
20.2098 12.3243
20.2409 12.3647
20.2721 12.2535
20.3033 12.3375
20.3344 12.3417
20.3656 12.391
20.3968 12.5224
20.4279 12.4451
20.4591 12.3672
20.4903 12.3615
20.5214 12.4927
20.5526 12.4921
20.5837 12.472
20.6149 12.5724
20.6461 12.5881
20.6772 12.6506
20.7084 12.5969
20.7396 12.4837
20.7707 12.6102
20.8019 12.5776
20.8331 12.6544
20.8642 12.662
20.8954 12.6751
20.9265 12.6546
20.9577 12.6799
20.9889 12.8254
21.02 12.7971
21.0512 12.7844
21.0824 12.8622
21.1135 12.7811
21.1447 12.9277
21.1759 12.8933
21.207 12.7871
21.2382 12.869
21.2693 12.8641
21.3005 12.8851
21.3317 12.841
21.3628 12.9642
21.394 12.9773
21.4252 12.9631
21.4563 13.0477
21.4875 12.9444
21.5187 12.9884
21.5498 13.0983
21.581 12.9823
21.6121 12.9813
21.6433 12.9264
21.6745 13.0901
21.7056 13.0747
21.7368 13.0751
21.768 13.1794
21.7991 13.1082
21.8303 13.1379
21.8615 13.1158
21.8926 13.2204
21.9238 13.273
21.9549 13.1686
21.9861 13.2749
22.0173 13.2506
22.0484 13.256
22.0796 13.2697
22.1108 13.292
22.1419 13.4276
22.1731 13.2359
22.2043 13.3753
22.2354 13.4911
22.2666 13.4621
22.2978 13.3497
22.3289 13.2906
22.3601 13.3665
22.3912 13.358
22.4224 13.4263
22.4536 13.4454
22.4847 13.4204
22.5159 13.5581
22.5471 13.443
22.5782 13.5064
22.6094 13.5623
22.6406 13.5319
22.6717 13.5841
22.7029 13.5628
22.734 13.7203
22.7652 13.812
22.7964 13.6908
22.8275 13.7535
22.8587 13.6969
22.8899 13.7918
22.921 13.744
22.9522 13.6955
22.9834 13.7637
23.0145 13.6184
23.0457 13.8218
23.0768 13.8666
23.108 13.8557
23.1392 13.7899
23.1703 13.8385
23.2015 13.9332
23.2327 13.8063
23.2638 13.8924
23.295 13.9253
23.3262 13.9856
23.3573 13.9903
23.3885 13.8495
23.4196 13.8982
23.4508 13.8766
23.482 13.9954
23.5131 14.0567
23.5443 13.9407
23.5755 14.1009
23.6066 14.0422
23.6378 14.1265
23.669 14.1135
23.7001 14.1109
23.7313 14.1844
23.7624 14.1414
23.7936 14.1111
23.8248 14.2099
23.8559 14.2135
23.8871 14.2009
23.9183 14.1863
23.9494 14.3433
23.9806 14.3766
24.0118 14.2735
24.0429 14.3901
24.0741 14.3939
24.1052 14.5572
24.1364 14.4384
24.1676 14.4141
24.1987 14.5543
24.2299 14.4863
24.2611 14.6397
24.2922 14.5484
24.3234 14.6511
24.3546 14.6812
24.3857 14.5641
24.4169 14.6925
24.448 14.7551
24.4792 14.8864
24.5104 14.9642
24.5415 15.0443
24.5727 15.0664
24.6039 14.973
24.635 15.1478
24.6662 15.0823
24.6974 15.2124
24.7285 15.3416
24.7597 15.3928
24.7908 15.4065
24.822 15.2828
24.8532 15.389
24.8843 15.3815
24.9155 15.4456
24.9467 15.4748
24.9778 15.4269
25.009 15.5875
25.0402 15.5008
25.0713 15.5133
25.1025 15.5246
25.1336 15.6831
25.1648 15.8134
25.196 15.6257
25.2271 15.6596
25.2583 15.6539
25.2895 15.6033
25.3206 15.5875
25.3518 15.4701
25.383 15.6506
25.4141 15.5269
25.4453 15.4259
25.4764 15.5387
25.5076 15.6004
25.5388 15.5278
25.5699 15.4373
25.6011 15.4893
25.6323 15.4434
25.6634 15.4057
25.6946 15.4299
25.7258 15.402
25.7569 15.5187
25.7881 15.4107
25.8193 15.4086
25.8504 15.6551
25.8816 15.5484
25.9127 15.5529
25.9439 15.5296
25.9751 15.7087
26.0062 15.5368
26.0374 15.6185
26.0686 15.7517
26.0997 15.694
26.1309 15.7902
26.1621 15.7255
26.1932 15.9102
26.2244 15.7894
26.2555 15.8382
26.2867 15.8937
26.3179 15.9552
26.349 15.9213
26.3802 15.9557
26.4114 16.0105
26.4425 16.1103
26.4737 16.061
26.5049 16.152
26.536 15.9968
26.5672 16.1775
26.5983 16.2707
26.6295 16.2549
26.6607 16.3158
26.6918 16.293
26.723 16.4128
26.7542 16.3046
26.7853 16.5467
26.8165 16.4549
26.8477 16.4422
26.8788 16.5383
26.91 16.431
26.9411 16.5467
26.9723 16.7088
27.0035 16.6817
27.0346 16.6197
27.0658 16.6705
27.097 16.7836
27.1281 16.6338
27.1593 16.6123
27.1905 16.6311
27.2216 16.8147
27.2528 16.865
27.2839 16.7575
27.3151 16.8508
27.3463 16.8874
27.3774 16.9143
27.4086 16.6614
27.4398 16.695
27.4709 17.0668
27.5021 17.2488
27.5333 17.1406
27.5644 16.7366
27.5956 16.7597
27.6267 16.8426
27.6579 16.8889
27.6891 16.9033
27.7202 16.8302
27.7514 16.8912
27.7826 16.9006
27.8137 17.0581
27.8449 16.7276
27.8761 16.8366
27.9072 17.0591
27.9384 16.9947
27.9695 17.0224
28.0007 17.0117
28.0319 17.0281
28.063 16.9915
28.0942 17.1164
28.1254 17.0928
28.1565 17.2187
28.1877 17.2648
28.2189 17.3355
28.25 17.4495
28.2812 17.5158
28.3124 17.6116
28.3435 17.396
28.3747 17.6503
28.4058 17.7151
28.437 17.8533
28.4682 17.8016
28.4993 17.8578
28.5305 18.063
28.5617 18.286
28.5928 18.4424
28.624 18.4052
28.6552 18.3504
28.6863 18.6004
28.7175 18.5382
28.7486 18.5922
28.7798 18.6565
28.811 18.8393
28.8421 18.8214
28.8733 18.9092
28.9045 19.0687
28.9356 19.0988
28.9668 19.3063
28.998 19.0833
29.0291 19.2825
29.0603 19.2245
29.0914 19.2859
29.1226 19.2488
29.1538 19.4461
29.1849 19.4487
29.2161 19.4976
29.2473 19.5609
29.2784 19.4496
29.3096 19.5478
29.3408 19.5024
29.3719 19.4342
29.4031 19.2437
29.4342 19.3272
29.4654 19.3067
29.4966 19.4086
29.5277 19.4375
29.5589 19.2054
29.5901 19.3224
29.6212 19.4635
29.6524 19.5456
29.6836 19.4163
29.7147 19.5527
29.7459 19.4218
29.777 19.4657
29.8082 19.4575
29.8394 19.442
29.8705 19.5057
29.9017 19.6609
29.9329 19.5214
29.964 19.4619
29.9952 19.6308
30.0264 19.4798
30.0575 19.6793
30.0887 19.6314
30.1198 19.5604
30.151 19.6074
30.1822 19.6025
30.2133 19.6417
30.2445 19.5122
30.2757 19.732
30.3068 19.9316
30.338 20.1259
30.3692 19.9654
30.4003 20.3837
30.4315 20.5079
30.4626 20.6053
30.4938 20.8929
30.525 21.0469
30.5561 21.3228
30.5873 21.7071
30.6185 22.1468
30.6496 22.4862
30.6808 22.9364
30.712 23.0831
30.7431 23.548
30.7743 24.24
30.8054 25.0671
30.8366 25.9065
30.8678 26.8752
30.8989 27.8669
30.9301 28.6071
30.9613 28.81
30.9924 29.0594
31.0236 30.0038
31.0548 31.2376
31.0859 32.9841
31.1171 34.3428
31.1483 36.7858
31.1794 40.0252
31.2106 44.4647
31.2417 49.8395
31.2729 57.0466
31.3041 66.2021
31.3352 77.2316
31.3664 89.8134
31.3976 105.582
31.4287 123.621
31.4599 142.906
31.4911 168.747
31.5222 205.048
31.5534 229.263
31.5845 210.042
31.6157 178.503
31.6469 165.474
31.678 163.646
31.7092 165.528
31.7404 165.159
31.7715 164.261
31.8027 154.417
31.8339 132.72
31.865 110.754
31.8962 97.9434
31.9273 89.2622
31.9585 84.7726
31.9897 84.3738
32.0208 78.33
32.052 64.8722
32.0832 53.0544
32.1143 44.0745
32.1455 38.1094
32.1767 34.1719
32.2078 31.7394
32.239 29.7381
32.2701 28.1367
32.3013 26.7779
32.3325 25.7579
32.3636 24.6557
32.3948 23.9588
32.426 23.294
32.4571 22.915
32.4883 22.421
32.5195 22.1609
32.5506 21.6707
32.5818 21.4546
32.6129 21.0791
32.6441 21.0623
32.6753 20.9244
32.7064 20.6685
32.7376 20.5775
32.7688 20.6726
32.7999 20.2823
32.8311 20.3523
32.8623 20.1658
32.8934 20.1391
32.9246 19.972
32.9557 19.8926
32.9869 19.6601
33.0181 19.9413
33.0492 19.9592
33.0804 19.9371
33.1116 19.7899
33.1427 19.7789
33.1739 19.7678
33.2051 19.6443
33.2362 19.5895
33.2674 19.5564
33.2985 19.3775
33.3297 19.6247
33.3609 19.4046
33.392 19.6652
33.4232 19.2933
33.4544 19.4746
33.4855 19.1732
33.5167 19.3016
33.5479 19.0427
33.579 19.3012
33.6102 19.1048
33.6413 19.1975
33.6725 19.1114
33.7037 19.2349
33.7348 19.0854
33.766 18.8354
33.7972 19.0033
33.8283 18.9377
33.8595 19.2228
33.8907 19.0561
33.9218 19.0848
33.953 18.9135
33.9841 19.1158
34.0153 18.845
34.0465 19.2635
34.0776 18.7401
34.1088 19.0678
34.14 18.7806
34.1711 19.3178
34.2023 18.8874
34.2335 19.217
34.2646 18.9085
34.2958 19.1128
34.327 18.8503
34.3581 19.2245
34.3893 18.9247
34.4204 19.4094
34.4516 18.8933
34.4828 19.0594
34.5139 18.8736
34.5451 19.3417
34.5763 19.172
34.6074 19.0566
34.6386 19
34.6698 19.0486
34.7009 18.8557
34.7321 18.9687
34.7632 18.9328
34.7944 18.9191
34.8256 18.9264
34.8567 18.9244
34.8879 19.0527
34.9191 18.9361
34.9502 18.9519
34.9814 18.9713
35.0126 18.7442
35.0437 18.7912
35.0749 18.8595
35.106 18.8304
35.1372 18.9332
35.1684 18.913
35.1995 19.1344
35.2307 19.1389
35.2619 19.0617
35.293 19.1055
35.3242 19.2117
35.3554 19.1946
35.3865 19.0279
35.4177 19.2949
35.4488 19.3508
35.48 19.5389
35.5112 19.5522
35.5423 19.5919
35.5735 19.7474
35.6047 19.8595
35.6358 20.0016
35.667 20.0245
35.6982 20.3867
35.7293 20.5541
35.7605 20.8989
35.7916 21.0959
35.8228 21.2086
35.854 21.299
35.8851 21.7189
35.9163 21.9164
35.9475 22.3623
35.9786 22.8503
36.0098 23.456
36.041 24.0949
36.0721 24.8239
36.1033 25.6113
36.1344 26.3135
36.1656 27.6706
36.1968 28.8735
36.2279 30.6958
36.2591 32.3966
36.2903 35.0486
36.3214 38.7676
36.3526 42.3969
36.3838 46.0719
36.4149 51.0768
36.4461 57.9779
36.4772 65.9583
36.5084 73.096
36.5396 78.1568
36.5707 84.4398
36.6019 87.8294
36.6331 89.1178
36.6642 93.086
36.6954 103.368
36.7266 116.98
36.7577 125.036
36.7889 121.088
36.82 109.879
36.8512 97.3401
36.8824 90.7243
36.9135 87.9504
36.9447 87.742
36.9759 85.7157
37.007 76.6344
37.0382 65.9038
37.0694 55.1106
37.1005 46.3146
37.1317 39.5537
37.1628 34.4542
37.194 31.1441
37.2252 28.8107
37.2563 26.8828
37.2875 25.0461
37.3187 23.5963
37.3498 22.827
37.381 22.3184
37.4122 21.6306
37.4433 21.0681
37.4745 20.3942
37.5057 19.9437
37.5368 19.946
37.568 19.7722
37.5991 19.8021
37.6303 19.2664
37.6615 19.0599
37.6926 18.9379
37.7238 18.7031
37.755 18.6408
37.7861 18.5034
37.8173 18.4571
37.8485 18.5389
37.8796 18.3703
37.9108 18.1837
37.9419 18.2872
37.9731 18.131
38.0043 17.9933
38.0354 17.7918
38.0666 17.8381
38.0978 18.1526
38.1289 18.0261
38.1601 17.8308
38.1913 17.836
38.2224 17.96
38.2536 17.8264
38.2847 17.7915
38.3159 17.8139
38.3471 17.6644
38.3782 17.9727
38.4094 17.7713
38.4406 17.7337
38.4717 17.7911
38.5029 17.9327
38.5341 17.5513
38.5652 17.9485
38.5964 17.7745
38.6275 17.769
38.6587 17.7572
38.6899 17.6078
38.721 17.4885
38.7522 17.7563
38.7834 17.7964
38.8145 17.6275
38.8457 17.7564
38.8769 17.6247
38.908 17.3152
38.9392 17.8223
38.9703 17.7266
39.0015 17.4956
39.0327 17.6572
39.0638 17.4802
39.095 17.5126
39.1262 17.3544
39.1573 17.5549
39.1885 17.5837
39.2197 17.5833
39.2508 17.4956
39.282 17.3483
39.3131 17.3507
39.3443 17.5106
39.3755 17.4482
39.4066 17.5754
39.4378 17.3983
39.469 17.5725
39.5001 17.3601
39.5313 17.1579
39.5625 17.3027
39.5936 17.3775
39.6248 17.377
39.6559 17.1305
39.6871 17.2709
39.7183 17.0751
39.7494 17.4016
39.7806 17.2256
39.8118 17.4344
39.8429 17.2715
39.8741 17.357
39.9053 17.1304
39.9364 17.4356
39.9676 17.1197
39.9987 17.335
40.0299 17.1556
40.0611 17.1791
40.0922 17.3792
40.1234 17.4215
40.1546 16.922
40.1857 17.0744
40.2169 17.1271
40.2481 17.212
40.2792 17.1605
40.3104 17.4195
40.3416 17.2427
40.3727 17.2896
40.4039 17.4678
40.435 17.3303
40.4662 17.2895
40.4974 17.006
40.5285 16.9723
40.5597 17.165
40.5909 17.3375
40.622 17.2312
40.6532 17.1679
40.6844 17.2912
40.7155 17.3817
40.7467 17.4006
40.7778 17.2885
40.809 17.2326
40.8402 16.997
40.8713 17.2284
40.9025 17.0248
40.9337 17.2251
40.9648 17.2746
40.996 17.1603
41.0272 17.2286
41.0583 17.3834
41.0895 17.2417
41.1206 17.0423
41.1518 17.1319
41.183 17.1328
41.2141 17.1464
41.2453 17.0833
41.2765 17.2069
41.3076 17.1083
41.3388 17.1178
41.37 17.2537
41.4011 17.0647
41.4323 16.8759
41.4634 17.1196
41.4946 17.3112
41.5258 17.2131
41.5569 17.1112
41.5881 16.9196
41.6193 17.1053
41.6504 17.3761
41.6816 17.361
41.7128 16.9259
41.7439 16.9636
41.7751 17.1897
41.8062 17.2134
41.8374 16.9975
41.8686 16.8571
41.8997 16.9273
41.9309 17.0481
41.9621 17.1168
41.9932 17.0567
42.0244 16.9758
42.0556 17.1504
42.0867 17.135
42.1179 16.8541
42.149 16.7728
42.1802 17.069
42.2114 17.134
42.2425 16.8462
42.2737 16.9347
42.3049 17.1368
42.336 17.2617
42.3672 17.2809
42.3984 16.9889
42.4295 16.9613
42.4607 17.2075
42.4918 17.1584
42.523 16.9753
42.5542 17.0928
42.5853 17.1758
42.6165 17.2532
42.6477 17.1053
42.6788 16.7705
42.71 17.1509
42.7412 17.3798
42.7723 17.0111
42.8035 16.7449
42.8346 16.9165
42.8658 17.2735
42.897 17.2453
42.9281 17.0611
42.9593 17.0433
42.9905 17.1495
43.0216 17.1109
43.0528 17.0751
43.084 16.9252
43.1151 17.1744
43.1463 17.0218
43.1775 17.0066
43.2086 16.9904
43.2398 16.9711
43.2709 17.0552
43.3021 16.9489
43.3333 17.1042
43.3644 17.1409
43.3956 17.037
43.4268 16.9934
43.4579 17.0258
43.4891 17.0778
43.5203 16.8326
43.5514 16.8046
43.5826 17.1447
43.6137 17.0437
43.6449 16.9516
43.6761 16.8269
43.7072 16.9954
43.7384 17.026
43.7696 16.7892
43.8007 17.0247
43.8319 17.2054
43.8631 17.1458
43.8942 16.9667
43.9254 16.9113
43.9565 17.1453
43.9877 16.9802
44.0189 16.9797
44.05 16.8931
44.0812 16.8432
44.1124 16.9422
44.1435 16.9313
44.1747 17.0137
44.2059 17.0096
44.237 17.043
44.2682 17.2014
44.2993 17.3192
44.3305 17.0486
44.3617 17.054
44.3928 17.3669
44.424 17.1999
44.4552 16.9502
44.4863 17.0418
44.5175 17.1374
44.5487 16.8753
44.5798 16.996
44.611 17.3048
44.6421 17.1376
44.6733 16.7395
44.7045 16.9635
44.7356 17.0015
44.7668 16.8296
44.798 17.0801
44.8291 17.0835
44.8603 17.0152
44.8915 17.0663
44.9226 17.0556
44.9538 16.9448
44.9849 17.0656
45.0161 17.0096
45.0473 17.1656
45.0784 16.998
45.1096 16.725
45.1408 16.8546
45.1719 16.9476
45.2031 16.8117
45.2343 16.9964
45.2654 16.9065
45.2966 16.8611
45.3277 16.9909
45.3589 16.9081
45.3901 16.9683
45.4212 16.8758
45.4524 16.9153
45.4836 16.8334
45.5147 16.9095
45.5459 17.0651
45.5771 16.7285
45.6082 16.7786
45.6394 16.722
45.6706 16.593
45.7017 16.6045
45.7329 16.7833
45.764 16.7321
45.7952 16.7406
45.8264 17.1376
45.8575 16.8085
45.8887 16.809
45.9199 16.8513
45.951 16.7266
45.9822 16.7499
46.0134 16.8737
46.0445 16.8011
46.0757 16.8303
46.1068 16.8334
46.138 16.6645
46.1692 16.6925
46.2003 16.7509
46.2315 16.6302
46.2627 16.5496
46.2938 16.6065
46.325 16.7124
46.3562 16.9075
46.3873 16.9813
46.4185 16.6459
46.4496 16.7107
46.4808 16.9211
46.512 16.6874
46.5431 16.4235
46.5743 16.7278
46.6055 16.8763
46.6366 16.7593
46.6678 16.7457
46.699 16.7772
46.7301 16.7514
46.7613 16.5644
46.7924 16.7615
46.8236 16.8323
46.8548 16.863
46.8859 16.6944
46.9171 16.7112
46.9483 16.8716
46.9794 16.8144
47.0106 16.6867
47.0418 16.5789
47.0729 16.6111
47.1041 16.7243
47.1352 16.6789
47.1664 16.8304
47.1976 16.6565
47.2287 16.5951
47.2599 16.4857
47.2911 16.6469
47.3222 16.5959
47.3534 16.3909
47.3846 16.4373
47.4157 16.3484
47.4469 16.4258
47.478 16.3818
47.5092 16.1322
47.5404 16.2079
47.5715 16.1577
47.6027 16.3306
47.6339 16.2978
47.665 16.2094
47.6962 16.3973
47.7274 16.0726
47.7585 15.9157
47.7897 16.1878
47.8208 16.1447
47.852 16.1504
47.8832 16.2417
47.9143 16.0593
47.9455 15.9943
47.9767 16.1655
48.0078 16.2943
48.039 16.1672
48.0702 16.2158
48.1013 16.2525
48.1325 16.0918
48.1636 16.0581
48.1948 16.0833
48.226 16.281
48.2571 16.0296
48.2883 16.0709
48.3195 15.9295
48.3506 15.8836
48.3818 16.0549
48.413 16.2201
48.4441 15.9814
48.4753 16.1902
48.5065 15.9569
48.5376 15.9909
48.5688 15.9054
48.5999 16.0682
48.6311 16.0897
48.6623 15.9432
48.6934 16.2239
48.7246 16.0957
48.7558 16.0401
48.7869 16.0652
48.8181 16.233
48.8493 16.2141
48.8804 16.1966
48.9116 16.2679
48.9427 16.2853
48.9739 16.4352
49.0051 16.4185
49.0362 16.3335
49.0674 16.3829
49.0986 16.3903
49.1297 16.3828
49.1609 16.5143
49.1921 16.6148
49.2232 16.3743
49.2544 16.5014
49.2855 16.2636
49.3167 16.2776
49.3479 16.3141
49.379 16.3053
49.4102 16.0468
49.4414 15.981
49.4725 16.0283
49.5037 15.9026
49.5349 15.7681
49.566 15.8254
49.5972 15.7414
49.6283 15.867
49.6595 15.7681
49.6907 15.7731
49.7218 15.6696
49.753 15.6635
49.7842 15.6216
49.8153 15.3387
49.8465 15.5729
49.8777 15.4496
49.9088 15.4076
49.94 15.7021
49.9711 15.4157
50.0023 15.4145
50.0335 15.6372
50.0646 15.3295
50.0958 15.4059
50.127 15.8278
50.1581 15.276
50.1893 15.1696
50.2205 15.5385
50.2516 15.6598
50.2828 15.1905
50.3139 15.1922
50.3451 15.4665
50.3763 15.5129
50.4074 15.3515
50.4386 15.2359
50.4698 15.1137
50.5009 14.9269
50.5321 14.8994
50.5633 15.0856
50.5944 15.2043
50.6256 15.1726
50.6567 15.0223
50.6879 15.2398
50.7191 15.3084
50.7502 15.1361
50.7814 15.144
50.8126 15.1154
50.8437 15.2888
50.8749 15.269
50.9061 15.3917
50.9372 15.3503
50.9684 15.35
50.9995 15.2618
51.0307 15.4686
51.0619 15.4998
51.093 15.4444
51.1242 15.3834
51.1554 15.4553
51.1865 15.3896
51.2177 15.4352
51.2489 15.6177
51.28 15.5762
51.3112 15.6907
51.3424 15.7895
51.3735 15.7041
51.4047 15.6305
51.4358 15.5956
51.467 15.6679
51.4982 15.7525
51.5293 15.8688
51.5605 15.9476
51.5917 16.11
51.6228 16.0179
51.654 16.1562
51.6852 15.9686
51.7163 16.1764
51.7475 16.202
51.7786 16.2488
51.8098 16.3152
51.841 16.3126
51.8721 16.3624
51.9033 16.589
51.9345 16.7435
51.9656 16.833
51.9968 17.2463
52.028 17.3894
52.0591 17.6529
52.0903 17.9046
52.1214 18.3556
52.1526 18.8379
52.1838 19.3
52.2149 19.6118
52.2461 20.0126
52.2773 20.9848
52.3084 21.7982
52.3396 22.6745
52.3708 24.1627
52.4019 26.0544
52.4331 28.6373
52.4642 32.4366
52.4954 38.1739
52.5266 48.0986
52.5577 56.5838
52.5889 60.9278
52.6201 66.9255
52.6512 73.9671
52.6824 80.7404
52.7136 86.3366
52.7447 90.1291
52.7759 91.5015
52.807 90.8824
52.8382 89.6095
52.8694 91.2423
52.9005 93.1493
52.9317 91.0707
52.9629 84.0127
52.994 73.3658
53.0252 60.4812
53.0564 49.4688
53.0875 42.2017
53.1187 37.9665
53.1498 34.6446
53.181 31.0808
53.2122 28.4156
53.2433 26.0911
53.2745 24.2044
53.3057 22.6238
53.3368 21.4483
53.368 20.4348
53.3992 19.5643
53.4303 19.0496
53.4615 18.5594
53.4926 18.1208
53.5238 17.8105
53.555 17.5793
53.5861 17.4235
53.6173 17.0901
53.6485 16.9627
53.6796 16.8437
53.7108 16.7308
53.742 16.6606
53.7731 16.5724
53.8043 16.4176
53.8354 16.3669
53.8666 16.374
53.8978 16.2004
53.9289 16.0377
53.9601 16.0321
53.9913 16.0773
54.0224 16.1487
54.0536 16.2796
54.0848 16.2321
54.1159 16.1933
54.1471 16.1791
54.1782 16.0539
54.2094 15.9807
54.2406 15.8408
54.2717 15.7403
54.3029 15.6832
54.3341 15.7029
54.3652 15.6643
54.3964 15.7795
54.4276 15.7332
54.4587 15.5866
54.4899 15.5628
54.521 15.5372
54.5522 15.5697
54.5834 15.5844
54.6145 15.5614
54.6457 15.5775
54.6769 15.6115
54.708 15.5353
54.7392 15.5822
54.7704 15.5501
54.8015 15.5609
54.8327 15.5884
54.8638 15.509
54.895 15.5364
54.9262 15.5495
54.9573 15.5185
54.9885 15.5916
55.0197 15.6261
55.0508 15.6421
55.082 15.6101
55.1132 15.6397
55.1443 15.6826
55.1755 15.6714
55.2066 15.704
55.2378 15.7623
55.269 15.7018
55.3001 15.7098
55.3313 15.7908
55.3625 15.7102
55.3936 15.7165
55.4248 15.7096
55.456 15.6446
55.4871 15.7072
55.5183 15.8215
55.5495 15.7865
55.5806 15.7683
55.6118 15.7245
55.6429 15.8033
55.6741 15.8206
55.7053 15.7981
55.7364 15.7956
55.7676 15.7994
55.7988 15.6791
55.8299 15.6813
55.8611 15.7556
55.8923 15.7563
55.9234 15.8485
55.9546 15.9008
55.9857 15.9214
56.0169 15.8318
56.0481 15.9217
56.0792 15.939
56.1104 15.8797
56.1416 15.848
56.1727 15.8069
56.2039 15.8194
56.2351 16.0357
56.2662 15.9962
56.2974 15.9924
56.3285 15.9412
56.3597 15.9622
56.3909 16.022
56.422 15.9472
56.4532 16.0298
56.4844 15.9398
56.5155 15.9697
56.5467 16
56.5779 15.9376
56.609 15.9342
56.6402 15.9879
56.6713 16.0053
56.7025 16.0958
56.7337 16.0647
56.7648 16.0492
56.796 16.1006
56.8272 16.0494
56.8583 15.9477
56.8895 15.902
56.9207 15.9769
56.9518 16.0079
56.983 15.9877
57.0141 16.0187
57.0453 16.0652
57.0765 16.0287
57.1076 15.998
57.1388 16.0848
57.17 16.1088
57.2011 16.0274
57.2323 16.1372
57.2635 16.1304
57.2946 16.2162
57.3258 16.2685
57.3569 16.2359
57.3881 16.165
57.4193 16.3288
57.4504 16.3887
57.4816 16.3071
57.5128 16.3057
57.5439 16.2475
57.5751 16.1856
57.6063 16.22
57.6374 16.3478
57.6686 16.3235
57.6997 16.2605
57.7309 16.2045
57.7621 16.2239
57.7932 16.3049
57.8244 16.2937
57.8556 16.3399
57.8867 16.3328
57.9179 16.2836
57.9491 16.3432
57.9802 16.4772
58.0114 16.5934
58.0426 16.5416
58.0737 16.4844
58.1049 16.4844
58.136 16.5382
58.1672 16.4659
58.1984 16.5121
58.2295 16.5772
58.2607 16.4989
58.2919 16.5869
58.323 16.7431
58.3542 16.7026
58.3854 16.581
58.4165 16.6295
58.4477 16.6867
58.4788 16.7431
58.51 16.7965
58.5412 16.932
58.5723 16.8228
58.6035 16.7393
58.6347 16.8086
58.6658 16.6771
58.697 16.7859
58.7282 16.9269
58.7593 16.9344
58.7905 16.968
58.8216 17.1212
58.8528 17.0316
58.884 16.9003
58.9151 16.8892
58.9463 16.8945
58.9775 16.9043
59.0086 17.0251
59.0398 17.1213
59.071 17.0412
59.1021 16.8747
59.1333 16.9785
59.1644 17.129
59.1956 17.0956
59.2268 17.0611
59.2579 17.0675
59.2891 17.125
59.3203 17.1874
59.3514 17.0919
59.3826 17.2297
59.4138 17.263
59.4449 17.1953
59.4761 17.159
59.5072 17.2475
59.5384 17.4387
59.5696 17.3827
59.6007 17.2591
59.6319 17.24
59.6631 17.4269
59.6942 17.4035
59.7254 17.373
59.7566 17.4216
59.7877 17.3955
59.8189 17.4948
59.85 17.6492
59.8812 17.6537
59.9124 17.7131
59.9435 17.6568
59.9747 17.5898
60.0059 17.6795
60.037 17.7336
60.0682 17.7544
60.0994 17.7434
60.1305 17.6069
60.1617 17.7512
60.1928 17.9272
60.224 17.9893
60.2552 17.8731
60.2863 17.8418
60.3175 17.891
60.3487 17.8873
60.3798 17.9574
60.411 18.0174
60.4422 18.1007
60.4733 18.1682
60.5045 18.1984
60.5356 18.1876
60.5668 18.2691
60.598 18.2649
60.6291 18.3307
60.6603 18.3971
60.6915 18.5172
60.7226 18.4116
60.7538 18.4314
60.785 18.4138
60.8161 18.3968
60.8473 18.3961
60.8785 18.4056
60.9096 18.1936
60.9408 18.3801
60.9719 18.3529
61.0031 18.3338
61.0343 18.3971
61.0654 18.3943
61.0966 18.4601
61.1278 18.5822
61.1589 18.5755
61.1901 18.6783
61.2213 18.709
61.2524 18.8274
61.2836 18.9107
61.3147 19.0934
61.3459 18.861
61.3771 18.8169
61.4082 18.972
61.4394 18.9681
61.4706 19.1834
61.5017 19.2651
61.5329 19.4542
61.5641 19.4696
61.5952 19.2546
61.6264 19.6086
61.6575 19.6339
61.6887 19.604
61.7199 20.0425
61.751 20.225
61.7822 20.2529
61.8134 20.5813
61.8445 20.9941
61.8757 20.7905
61.9069 21.0461
61.938 21.5657
61.9692 21.8408
62.0003 22.3523
62.0315 22.5817
62.0627 23.1499
62.0938 23.8486
62.125 24.6297
62.1562 25.5959
62.1873 26.7523
62.2185 28.1691
62.2497 30.0101
62.2808 32.2514
62.312 34.4079
62.3431 37.7662
62.3743 40.9208
62.4055 42.6854
62.4366 47.2897
62.4678 50.0357
62.499 50.86
62.5301 52.6713
62.5613 55.1033
62.5925 59.3374
62.6236 64.475
62.6548 69.4756
62.6859 75.4183
62.7171 82.6301
62.7483 87.7248
62.7794 91.5429
62.8106 93.788
62.8418 93.9917
62.8729 93.5251
62.9041 97.221
62.9353 98.4334
62.9664 91.2564
62.9976 82.1869
63.0287 74.5477
63.0599 66.0704
63.0911 59.4127
63.1222 54.0745
63.1534 48.9877
63.1846 44.7791
63.2157 40.7141
63.2469 37.2862
63.2781 34.2297
63.3092 31.467
63.3404 29.2003
63.3715 28.0473
63.4027 26.5767
63.4339 25.3535
63.465 23.9158
63.4962 22.7029
63.5274 22.3592
63.5585 21.9053
63.5897 21.0875
63.6209 20.559
63.652 20.5251
63.6832 19.9495
63.7144 20.0293
63.7455 19.9453
63.7767 19.4584
63.8078 19.4429
63.839 19.2009
63.8702 18.9844
63.9013 18.9545
63.9325 18.9992
63.9637 18.7692
63.9948 18.4895
64.026 18.6248
64.0572 18.7008
64.0883 18.4159
64.1195 18.2694
64.1506 18.3483
64.1818 17.8258
64.213 17.9424
64.2441 17.9777
64.2753 18.0605
64.3065 17.7542
64.3376 17.9632
64.3688 17.6377
64.4 17.4983
64.4311 17.5731
64.4623 17.6121
64.4934 17.4267
64.5246 17.3064
64.5558 17.1812
64.5869 17.3383
64.6181 17.4238
64.6493 17.4355
64.6804 17.0678
64.7116 17.1689
64.7428 17.1374
64.7739 17.4491
64.8051 17.5204
64.8362 17.5622
64.8674 17.4749
64.8986 17.549
64.9297 17.2343
64.9609 17.5981
64.9921 17.7279
65.0232 17.554
65.0544 17.679
65.0856 17.8158
65.1167 17.7569
65.1479 17.6771
65.179 17.6868
65.2102 17.5521
65.2414 18.0733
65.2725 18.3696
65.3037 18.4379
65.3349 18.3744
65.366 18.3453
65.3972 18.9989
65.4284 19.3813
65.4595 18.9054
65.4907 19.3127
65.5219 19.6476
65.553 20.5022
65.5842 21.3759
65.6153 21.5998
65.6465 21.7542
65.6777 23.0916
65.7088 23.6167
65.74 24.7573
65.7712 25.5772
65.8023 26.2267
65.8335 28.0842
65.8646 29.8613
65.8958 31.2945
65.927 32.4
65.9581 32.6276
65.9893 32.1631
66.0205 30.5939
66.0516 28.3653
66.0828 26.8575
66.114 26.2746
66.1451 26.7589
66.1763 28.5636
66.2075 32.2919
66.2386 27.9004
66.2698 23.3905
66.3009 22.6445
66.3321 22.0182
66.3633 21.0532
66.3944 20.3108
66.4256 20.4366
66.4568 19.979
66.4879 19.3781
66.5191 18.992
66.5502 18.6379
66.5814 18.537
66.6126 17.6629
66.6437 17.3859
66.6749 17.7204
66.7061 17.5599
66.7372 16.7692
66.7684 16.5115
66.7996 16.6557
66.8307 16.9888
66.8619 15.1186
66.8931 16.2137
